47.0,0.0,239.40047, [1.0, 0.0, 0.0, 0.0, 1.0, 0.0, 0.0, 0.0, 1.0]
47.0,0.0,239.40622, [1.0, 0.0, 0.0, 0.0, 1.0, 0.0, 0.0, 0.0, 1.0]
47.0,0.0,239.4177, [1.0, 0.0, 0.0, 0.0, 1.0, 0.0, 0.0, 0.0, 1.0]
47.0,0.0,239.43501, [1.0, 0.0, 0.0, 0.0, 1.0, 0.0, 0.0, 0.0, 1.0]
47.0,0.0,239.4585, [1.0, 0.0, 0.0, 0.0, 1.0, 0.0, 0.0, 0.0, 1.0]
47.0,0.0,239.48737, [1.0, 0.0, 0.0, 0.0, 1.0, 0.0, 0.0, 0.0, 1.0]
47.0,0.0,239.52193, [1.0, 0.0, 0.0, 0.0, 1.0, 0.0, 0.0, 0.0, 1.0]
47.0,0.0,239.56342, [1.0, 0.0, 0.0, 0.0, 1.0, 0.0, 0.0, 0.0, 1.0]
47.0,0.0,239.61008, [1.0, 0.0, 0.0, 0.0, 1.0, 0.0, 0.0, 0.0, 1.0]
47.0,0.0,239.66156, [1.0, 0.0, 0.0, 0.0, 1.0, 0.0, 0.0, 0.0, 1.0]
47.0,0.0,239.7191, [1.0, 0.0, 0.0, 0.0, 1.0, 0.0, 0.0, 0.0, 1.0]
47.0,0.0,239.78238, [1.0, 0.0, 0.0, 0.0, 1.0, 0.0, 0.0, 0.0, 1.0]
47.0,0.0,239.8513, [1.0, 0.0, 0.0, 0.0, 1.0, 0.0, 0.0, 0.0, 1.0]
47.0,0.0,239.92743, [1.0, 0.0, 0.0, 0.0, 1.0, 0.0, 0.0, 0.0, 1.0]
47.0,0.0,240.00856, [1.0, 0.0, 0.0, 0.0, 1.0, 0.0, 0.0, 0.0, 1.0]
47.0,0.0,240.09474, [1.0, 0.0, 0.0, 0.0, 1.0, 0.0, 0.0, 0.0, 1.0]
47.0,0.0,240.18716, [1.0, 0.0, 0.0, 0.0, 1.0, 0.0, 0.0, 0.0, 1.0]
47.0,0.0,240.28416, [1.0, 0.0, 0.0, 0.0, 1.0, 0.0, 0.0, 0.0, 1.0]
47.0,0.0,240.38843, [1.0, 0.0, 0.0, 0.0, 1.0, 0.0, 0.0, 0.0, 1.0]
47.0,0.0,240.50041, [1.0, 0.0, 0.0, 0.0, 1.0, 0.0, 0.0, 0.0, 1.0]
47.0,0.0,240.617, [1.0, 0.0, 0.0, 0.0, 1.0, 0.0, 0.0, 0.0, 1.0]
47.0,0.0,240.7375, [1.0, 0.0, 0.0, 0.0, 1.0, 0.0, 0.0, 0.0, 1.0]
47.0,0.0,240.86368, [1.0, 0.0, 0.0, 0.0, 1.0, 0.0, 0.0, 0.0, 1.0]
47.0,0.0,240.9972, [1.0, 0.0, 0.0, 0.0, 1.0, 0.0, 0.0, 0.0, 1.0]
47.0,0.0,241.13803, [1.0, 0.0, 0.0, 0.0, 1.0, 0.0, 0.0, 0.0, 1.0]
47.0,0.0,241.28223, [1.0, 0.0, 0.0, 0.0, 1.0, 0.0, 0.0, 0.0, 1.0]
47.0,0.0,241.43167, [1.0, 0.0, 0.0, 0.0, 1.0, 0.0, 0.0, 0.0, 1.0]
47.0,0.0,241.58713, [1.0, 0.0, 0.0, 0.0, 1.0, 0.0, 0.0, 0.0, 1.0]
47.0,0.0,241.749, [1.0, 0.0, 0.0, 0.0, 1.0, 0.0, 0.0, 0.0, 1.0]
47.0,0.0,241.91644, [1.0, 0.0, 0.0, 0.0, 1.0, 0.0, 0.0, 0.0, 1.0]
47.0,0.0,242.09496, [1.0, 0.0, 0.0, 0.0, 1.0, 0.0, 0.0, 0.0, 1.0]
47.0,0.0,242.278, [1.0, 0.0, 0.0, 0.0, 1.0, 0.0, 0.0, 0.0, 1.0]
47.0,0.0,242.45851, [1.0, 0.0, 0.0, 0.0, 1.0, 0.0, 0.0, 0.0, 1.0]
47.0,0.0,242.64838, [1.0, 0.0, 0.0, 0.0, 1.0, 0.0, 0.0, 0.0, 1.0]
47.0,0.0,242.84503, [1.0, 0.0, 0.0, 0.0, 1.0, 0.0, 0.0, 0.0, 1.0]
47.0,0.0,243.04805, [1.0, 0.0, 0.0, 0.0, 1.0, 0.0, 0.0, 0.0, 1.0]
47.0,0.0,243.25685, [1.0, 0.0, 0.0, 0.0, 1.0, 0.0, 0.0, 0.0, 1.0]
47.0,0.0,243.47058, [1.0, 0.0, 0.0, 0.0, 1.0, 0.0, 0.0, 0.0, 1.0]
47.0,0.0,243.69037, [1.0, 0.0, 0.0, 0.0, 1.0, 0.0, 0.0, 0.0, 1.0]
47.0,0.0,243.9146, [1.0, 0.0, 0.0, 0.0, 1.0, 0.0, 0.0, 0.0, 1.0]
47.0,0.0,244.14522, [1.0, 0.0, 0.0, 0.0, 1.0, 0.0, 0.0, 0.0, 1.0]
47.0,0.0,244.73492, [1.0, 0.0, 0.0, 0.0, 1.0, 0.0, 0.0, 0.0, 1.0]
47.0,0.0,244.98848, [1.0, 0.0, 0.0, 0.0, 1.0, 0.0, 0.0, 0.0, 1.0]
47.0,0.0,245.17322, [1.0, 0.0, 0.0, 0.0, 1.0, 0.0, 0.0, 0.0, 1.0]
47.0,0.0,245.34467, [1.0, 0.0, 0.0, 0.0, 1.0, 0.0, 0.0, 0.0, 1.0]
47.0,0.0,245.55031, [1.0, 0.0, 0.0, 0.0, 1.0, 0.0, 0.0, 0.0, 1.0]
47.0,0.0,245.8054, [1.0, 0.0, 0.0, 0.0, 1.0, 0.0, 0.0, 0.0, 1.0]
47.0,0.0,246.0796, [1.0, 0.0, 0.0, 0.0, 1.0, 0.0, 0.0, 0.0, 1.0]
47.0,0.0,246.35721, [1.0, 0.0, 0.0, 0.0, 1.0, 0.0, 0.0, 0.0, 1.0]
47.0,0.0,246.63495, [1.0, 0.0, 0.0, 0.0, 1.0, 0.0, 0.0, 0.0, 1.0]
47.0,0.0,246.91075, [1.0, 0.0, 0.0, 0.0, 1.0, 0.0, 0.0, 0.0, 1.0]
47.0,0.0,247.1896, [1.0, 0.0, 0.0, 0.0, 1.0, 0.0, 0.0, 0.0, 1.0]
47.0,0.0,247.46594, [1.0, 0.0, 0.0, 0.0, 1.0, 0.0, 0.0, 0.0, 1.0]
47.0,0.0,247.74635, [1.0, 0.0, 0.0, 0.0, 1.0, 0.0, 0.0, 0.0, 1.0]
47.0,0.0,248.02657, [1.0, 0.0, 0.0, 0.0, 1.0, 0.0, 0.0, 0.0, 1.0]
47.0,0.0,248.30223, [1.0, 0.0, 0.0, 0.0, 1.0, 0.0, 0.0, 0.0, 1.0]
47.0,0.0,248.58063, [1.0, 0.0, 0.0, 0.0, 1.0, 0.0, 0.0, 0.0, 1.0]
47.0,0.0,248.85565, [1.0, 0.0, 0.0, 0.0, 1.0, 0.0, 0.0, 0.0, 1.0]
47.0,0.0,249.13469, [1.0, 0.0, 0.0, 0.0, 1.0, 0.0, 0.0, 0.0, 1.0]
47.0,0.0,249.41226, [1.0, 0.0, 0.0, 0.0, 1.0, 0.0, 0.0, 0.0, 1.0]
47.0,0.0,249.69229, [1.0, 0.0, 0.0, 0.0, 1.0, 0.0, 0.0, 0.0, 1.0]
47.0,0.0,249.96696, [1.0, 0.0, 0.0, 0.0, 1.0, 0.0, 0.0, 0.0, 1.0]
47.0,0.0,250.24718, [1.0, 0.0, 0.0, 0.0, 1.0, 0.0, 0.0, 0.0, 1.0]
47.0,0.0,250.52524, [1.0, 0.0, 0.0, 0.0, 1.0, 0.0, 0.0, 0.0, 1.0]
47.0,0.0,250.80164, [1.0, 0.0, 0.0, 0.0, 1.0, 0.0, 0.0, 0.0, 1.0]
47.0,0.0,251.081, [1.0, 0.0, 0.0, 0.0, 1.0, 0.0, 0.0, 0.0, 1.0]
47.0,0.0,251.36046, [1.0, 0.0, 0.0, 0.0, 1.0, 0.0, 0.0, 0.0, 1.0]
47.0,0.0,251.6361, [1.0, 0.0, 0.0, 0.0, 1.0, 0.0, 0.0, 0.0, 1.0]
47.0,0.0,251.91246, [1.0, 0.0, 0.0, 0.0, 1.0, 0.0, 0.0, 0.0, 1.0]
47.0,0.0,252.18977, [1.0, 0.0, 0.0, 0.0, 1.0, 0.0, 0.0, 0.0, 1.0]
47.0,0.0,252.46931, [1.0, 0.0, 0.0, 0.0, 1.0, 0.0, 0.0, 0.0, 1.0]
47.0,0.0,252.74644, [1.0, 0.0, 0.0, 0.0, 1.0, 0.0, 0.0, 0.0, 1.0]
47.0,0.0,253.0243, [1.0, 0.0, 0.0, 0.0, 1.0, 0.0, 0.0, 0.0, 1.0]
47.0,0.0,253.30168, [1.0, 0.0, 0.0, 0.0, 1.0, 0.0, 0.0, 0.0, 1.0]
47.0,0.0,253.57971, [1.0, 0.0, 0.0, 0.0, 1.0, 0.0, 0.0, 0.0, 1.0]
47.0,0.0,253.85843, [1.0, 0.0, 0.0, 0.0, 1.0, 0.0, 0.0, 0.0, 1.0]
47.0,0.0,254.13585, [1.0, 0.0, 0.0, 0.0, 1.0, 0.0, 0.0, 0.0, 1.0]
47.0,0.0,254.41383, [1.0, 0.0, 0.0, 0.0, 1.0, 0.0, 0.0, 0.0, 1.0]
47.0,0.0,254.69106, [1.0, 0.0, 0.0, 0.0, 1.0, 0.0, 0.0, 0.0, 1.0]
47.0,0.0,254.96803, [1.0, 0.0, 0.0, 0.0, 1.0, 0.0, 0.0, 0.0, 1.0]
47.0,0.0,255.24657, [1.0, 0.0, 0.0, 0.0, 1.0, 0.0, 0.0, 0.0, 1.0]
47.0,0.0,255.52531, [1.0, 0.0, 0.0, 0.0, 1.0, 0.0, 0.0, 0.0, 1.0]
47.0,0.0,255.80316, [1.0, 0.0, 0.0, 0.0, 1.0, 0.0, 0.0, 0.0, 1.0]
47.0,0.0,256.08133, [1.0, 0.0, 0.0, 0.0, 1.0, 0.0, 0.0, 0.0, 1.0]
47.0,0.0,256.35745, [1.0, 0.0, 0.0, 0.0, 1.0, 0.0, 0.0, 0.0, 1.0]
47.0,0.0,256.63602, [1.0, 0.0, 0.0, 0.0, 1.0, 0.0, 0.0, 0.0, 1.0]
47.0,0.0,256.9144, [1.0, 0.0, 0.0, 0.0, 1.0, 0.0, 0.0, 0.0, 1.0]
47.0,0.0,257.1922, [1.0, 0.0, 0.0, 0.0, 1.0, 0.0, 0.0, 0.0, 1.0]
47.0,0.0,257.46902, [1.0, 0.0, 0.0, 0.0, 1.0, 0.0, 0.0, 0.0, 1.0]
47.0,0.0,257.74783, [1.0, 0.0, 0.0, 0.0, 1.0, 0.0, 0.0, 0.0, 1.0]
47.0,0.0,258.02597, [1.0, 0.0, 0.0, 0.0, 1.0, 0.0, 0.0, 0.0, 1.0]
47.0,0.0,258.3012, [1.0, 0.0, 0.0, 0.0, 1.0, 0.0, 0.0, 0.0, 1.0]
47.0,0.0,258.57983, [1.0, 0.0, 0.0, 0.0, 1.0, 0.0, 0.0, 0.0, 1.0]
47.0,0.0,258.8591, [1.0, 0.0, 0.0, 0.0, 1.0, 0.0, 0.0, 0.0, 1.0]
47.0,0.0,259.13474, [1.0, 0.0, 0.0, 0.0, 1.0, 0.0, 0.0, 0.0, 1.0]
47.0,0.0,259.41574, [1.0, 0.0, 0.0, 0.0, 1.0, 0.0, 0.0, 0.0, 1.0]
47.0,0.0,259.6919, [1.0, 0.0, 0.0, 0.0, 1.0, 0.0, 0.0, 0.0, 1.0]
47.0,0.0,259.9707, [1.0, 0.0, 0.0, 0.0, 1.0, 0.0, 0.0, 0.0, 1.0]
47.0,0.0,260.2477, [1.0, 0.0, 0.0, 0.0, 1.0, 0.0, 0.0, 0.0, 1.0]
47.0,0.0,260.5253, [1.0, 0.0, 0.0, 0.0, 1.0, 0.0, 0.0, 0.0, 1.0]
47.0,0.0,260.80124, [1.0, 0.0, 0.0, 0.0, 1.0, 0.0, 0.0, 0.0, 1.0]
47.0,0.0,261.07993, [1.0, 0.0, 0.0, 0.0, 1.0, 0.0, 0.0, 0.0, 1.0]
47.0,0.0,261.35812, [1.0, 0.0, 0.0, 0.0, 1.0, 0.0, 0.0, 0.0, 1.0]
47.0,0.0,261.63638, [1.0, 0.0, 0.0, 0.0, 1.0, 0.0, 0.0, 0.0, 1.0]
47.0,0.0,261.9151, [1.0, 0.0, 0.0, 0.0, 1.0, 0.0, 0.0, 0.0, 1.0]
47.0,0.0,262.19766, [1.0, 0.0, 0.0, 0.0, 1.0, 0.0, 0.0, 0.0, 1.0]
47.0,0.0,262.47366, [1.0, 0.0, 0.0, 0.0, 1.0, 0.0, 0.0, 0.0, 1.0]
47.0,0.0,262.74783, [1.0, 0.0, 0.0, 0.0, 1.0, 0.0, 0.0, 0.0, 1.0]
47.0,0.0,263.02597, [1.0, 0.0, 0.0, 0.0, 1.0, 0.0, 0.0, 0.0, 1.0]
47.0,0.0,263.30194, [1.0, 0.0, 0.0, 0.0, 1.0, 0.0, 0.0, 0.0, 1.0]
47.0,0.0,263.58273, [1.0, 0.0, 0.0, 0.0, 1.0, 0.0, 0.0, 0.0, 1.0]
47.0,0.0,263.85754, [1.0, 0.0, 0.0, 0.0, 1.0, 0.0, 0.0, 0.0, 1.0]
47.0,0.0,264.13535, [1.0, 0.0, 0.0, 0.0, 1.0, 0.0, 0.0, 0.0, 1.0]
47.0,0.0,264.41266, [1.0, 0.0, 0.0, 0.0, 1.0, 0.0, 0.0, 0.0, 1.0]
47.0,0.0,264.6914, [1.0, 0.0, 0.0, 0.0, 1.0, 0.0, 0.0, 0.0, 1.0]
47.0,0.0,264.96637, [1.0, 0.0, 0.0, 0.0, 1.0, 0.0, 0.0, 0.0, 1.0]
47.0,0.0,265.2469, [1.0, 0.0, 0.0, 0.0, 1.0, 0.0, 0.0, 0.0, 1.0]
47.0,0.0,265.52423, [1.0, 0.0, 0.0, 0.0, 1.0, 0.0, 0.0, 0.0, 1.0]
47.0,0.0,265.80133, [1.0, 0.0, 0.0, 0.0, 1.0, 0.0, 0.0, 0.0, 1.0]
47.0,0.0,266.07935, [1.0, 0.0, 0.0, 0.0, 1.0, 0.0, 0.0, 0.0, 1.0]
47.0,0.0,266.36023, [1.0, 0.0, 0.0, 0.0, 1.0, 0.0, 0.0, 0.0, 1.0]
47.0,0.0,266.63818, [1.0, 0.0, 0.0, 0.0, 1.0, 0.0, 0.0, 0.0, 1.0]
47.0,0.0,266.91364, [1.0, 0.0, 0.0, 0.0, 1.0, 0.0, 0.0, 0.0, 1.0]
47.0,0.0,267.19186, [1.0, 0.0, 0.0, 0.0, 1.0, 0.0, 0.0, 0.0, 1.0]
47.0,0.0,267.47083, [1.0, 0.0, 0.0, 0.0, 1.0, 0.0, 0.0, 0.0, 1.0]
47.0,0.0,267.74936, [1.0, 0.0, 0.0, 0.0, 1.0, 0.0, 0.0, 0.0, 1.0]
47.0,0.0,268.0277, [1.0, 0.0, 0.0, 0.0, 1.0, 0.0, 0.0, 0.0, 1.0]
47.0,0.0,268.3029, [1.0, 0.0, 0.0, 0.0, 1.0, 0.0, 0.0, 0.0, 1.0]
47.0,0.0,268.57986, [1.0, 0.0, 0.0, 0.0, 1.0, 0.0, 0.0, 0.0, 1.0]
47.0,0.0,268.85718, [1.0, 0.0, 0.0, 0.0, 1.0, 0.0, 0.0, 0.0, 1.0]
47.0,0.0,269.1373, [1.0, 0.0, 0.0, 0.0, 1.0, 0.0, 0.0, 0.0, 1.0]
47.0,0.0,269.41367, [1.0, 0.0, 0.0, 0.0, 1.0, 0.0, 0.0, 0.0, 1.0]
47.0,0.0,269.69266, [1.0, 0.0, 0.0, 0.0, 1.0, 0.0, 0.0, 0.0, 1.0]
47.0,0.0,269.9679, [1.0, 0.0, 0.0, 0.0, 1.0, 0.0, 0.0, 0.0, 1.0]
47.0,0.0,270.2478, [1.0, 0.0, 0.0, 0.0, 1.0, 0.0, 0.0, 0.0, 1.0]
47.0,0.0,270.52814, [1.0, 0.0, 0.0, 0.0, 1.0, 0.0, 0.0, 0.0, 1.0]
47.0,0.0,270.80127, [1.0, 0.0, 0.0, 0.0, 1.0, 0.0, 0.0, 0.0, 1.0]
47.0,0.0,271.07904, [1.0, 0.0, 0.0, 0.0, 1.0, 0.0, 0.0, 0.0, 1.0]
47.0,0.0,271.3606, [1.0, 0.0, 0.0, 0.0, 1.0, 0.0, 0.0, 0.0, 1.0]
47.0,0.0,271.63507, [1.0, 0.0, 0.0, 0.0, 1.0, 0.0, 0.0, 0.0, 1.0]
47.0,0.0,271.9121, [1.0, 0.0, 0.0, 0.0, 1.0, 0.0, 0.0, 0.0, 1.0]
47.0,0.0,272.19354, [1.0, 0.0, 0.0, 0.0, 1.0, 0.0, 0.0, 0.0, 1.0]
47.001293,0.0,272.54327, [0.99999154, 0.0, -0.004109404, 0.0, 1.0, 0.0, 0.004109404, 0.0, 0.99999154]
47.004654,0.0,272.8898, [0.9999467, 0.0, -0.010322867, 0.0, 1.0, 0.0, 0.010322867, 0.0, 0.9999467]
47.01011,0.0,273.23376, [0.9998642, 0.0, -0.016477589, 0.0, 1.0, 0.0, 0.016477589, 0.0, 0.9998642]
47.018326,0.0,273.58325, [0.9997053, 0.0, -0.024274856, 0.0, 1.0, 0.0, 0.024274856, 0.0, 0.9997053]
47.029675,0.0,273.92773, [0.99942523, 0.0, -0.03389901, 0.0, 1.0, 0.0, 0.03389901, 0.0, 0.99942523]
47.044823,0.0,274.2772, [0.999017, 0.0, -0.044329036, 0.0, 1.0, 0.0, 0.044329036, 0.0, 0.999017]
47.063427,0.0,274.62173, [0.99848586, 0.0, -0.055009037, 0.0, 1.0, 0.0, 0.055009037, 0.0, 0.99848586]
47.08615,0.0,274.96878, [0.9977891, 0.0, -0.06646101, 0.0, 1.0, 0.0, 0.06646101, 0.0, 0.9977891]
47.11322,0.0,275.31763, [0.9969095, 0.0, -0.07855975, 0.0, 1.0, 0.0, 0.07855975, 0.0, 0.9969095]
47.143852,0.0,275.65857, [0.9958749, 0.0, -0.09073805, 0.0, 1.0, 0.0, 0.09073805, 0.0, 0.9958749]
47.17923,0.0,276.00558, [0.9947267, 0.0, -0.102561645, 0.0, 1.0, 0.0, 0.102561645, 0.0, 0.9947267]
47.219105,0.0,276.3546, [0.99339575, 0.0, -0.11473894, 0.0, 1.0, 0.0, 0.11473894, 0.0, 0.99339575]
47.262554,0.0,276.69757, [0.9919139, 0.0, -0.12691295, 0.0, 1.0, 0.0, 0.12691295, 0.0, 0.9919139]
47.310352,0.0,277.0415, [0.99031705, 0.0, -0.13882431, 0.0, 1.0, 0.0, 0.13882431, 0.0, 0.99031705]
47.36184,0.0,277.3817, [0.9885578, 0.0, -0.15084225, 0.0, 1.0, 0.0, 0.15084225, 0.0, 0.9885578]
47.417763,0.0,277.72345, [0.98668045, 0.0, -0.1626704, 0.0, 1.0, 0.0, 0.1626704, 0.0, 0.98668045]
47.47807,0.0,278.06592, [0.9846373, 0.0, -0.17461182, 0.0, 1.0, 0.0, 0.17461182, 0.0, 0.9846373]
47.543293,0.0,278.41168, [0.9824443, 0.0, -0.18655604, 0.0, 1.0, 0.0, 0.18655604, 0.0, 0.9824443]
47.610813,0.0,278.7487, [0.9802823, 0.0, -0.19760205, 0.0, 1.0, 0.0, 0.19760205, 0.0, 0.9802823]
47.683117,0.0,279.09003, [0.97807217, 0.0, -0.20826626, 0.0, 1.0, 0.0, 0.20826626, 0.0, 0.97807217]
47.757633,0.0,279.4272, [0.9762483, 0.0, -0.21665473, 0.0, 1.0, 0.0, 0.21665473, 0.0, 0.9762483]
47.834736,0.0,279.76736, [0.97515184, 0.0, -0.22153787, 0.0, 1.0, 0.0, 0.22153787, 0.0, 0.97515184]
47.913517,0.0,280.10693, [0.9740109, 0.0, -0.22650133, 0.0, 1.0, 0.0, 0.22650133, 0.0, 0.9740109]
47.976696,0.0,280.3786, [0.9740109, 0.0, -0.22650133, 0.0, 1.0, 0.0, 0.22650133, 0.0, 0.9740109]
48.039112,0.0,280.647, [0.9740109, 0.0, -0.22650133, 0.0, 1.0, 0.0, 0.22650133, 0.0, 0.9740109]
48.102142,0.0,280.91806, [0.9740109, 0.0, -0.22650133, 0.0, 1.0, 0.0, 0.22650133, 0.0, 0.9740109]
48.165237,0.0,281.1894, [0.9740109, 0.0, -0.22650133, 0.0, 1.0, 0.0, 0.22650133, 0.0, 0.9740109]
48.22848,0.0,281.46136, [0.9740109, 0.0, -0.22650133, 0.0, 1.0, 0.0, 0.22650133, 0.0, 0.9740109]
48.291058,0.0,281.73047, [0.9740109, 0.0, -0.22650133, 0.0, 1.0, 0.0, 0.22650133, 0.0, 0.9740109]
48.35399,0.0,282.0011, [0.9740109, 0.0, -0.22650133, 0.0, 1.0, 0.0, 0.22650133, 0.0, 0.9740109]
48.41622,0.0,282.2687, [0.9740109, 0.0, -0.22650133, 0.0, 1.0, 0.0, 0.22650133, 0.0, 0.9740109]
48.47999,0.0,282.5429, [0.9740109, 0.0, -0.22650133, 0.0, 1.0, 0.0, 0.22650133, 0.0, 0.9740109]
48.542336,0.0,282.811, [0.9740109, 0.0, -0.22650133, 0.0, 1.0, 0.0, 0.22650133, 0.0, 0.9740109]
48.605396,0.0,283.08218, [0.9740109, 0.0, -0.22650133, 0.0, 1.0, 0.0, 0.22650133, 0.0, 0.9740109]
48.66855,0.0,283.35376, [0.9740109, 0.0, -0.22650133, 0.0, 1.0, 0.0, 0.22650133, 0.0, 0.9740109]
48.730522,0.0,283.62027, [0.9740109, 0.0, -0.22650133, 0.0, 1.0, 0.0, 0.22650133, 0.0, 0.9740109]
48.79384,0.0,283.89255, [0.9740109, 0.0, -0.22650133, 0.0, 1.0, 0.0, 0.22650133, 0.0, 0.9740109]
48.85728,0.0,284.16534, [0.9740109, 0.0, -0.22650133, 0.0, 1.0, 0.0, 0.22650133, 0.0, 0.9740109]
48.919514,0.0,284.43295, [0.9740109, 0.0, -0.22650133, 0.0, 1.0, 0.0, 0.22650133, 0.0, 0.9740109]
48.98266,0.0,284.7045, [0.9740109, 0.0, -0.22650133, 0.0, 1.0, 0.0, 0.22650133, 0.0, 0.9740109]
49.04753,0.0,284.98346, [0.9740109, 0.0, -0.22650133, 0.0, 1.0, 0.0, 0.22650133, 0.0, 0.9740109]
49.108994,0.0,285.24777, [0.9740109, 0.0, -0.22650133, 0.0, 1.0, 0.0, 0.22650133, 0.0, 0.9740109]
49.17146,0.0,285.5164, [0.9740109, 0.0, -0.22650133, 0.0, 1.0, 0.0, 0.22650133, 0.0, 0.9740109]
49.23477,0.0,285.78864, [0.9740109, 0.0, -0.22650133, 0.0, 1.0, 0.0, 0.22650133, 0.0, 0.9740109]
49.29659,0.0,286.05447, [0.9740109, 0.0, -0.22650133, 0.0, 1.0, 0.0, 0.22650133, 0.0, 0.9740109]
49.3599,0.0,286.32672, [0.9740109, 0.0, -0.22650133, 0.0, 1.0, 0.0, 0.22650133, 0.0, 0.9740109]
49.42327,0.0,286.5992, [0.9740109, 0.0, -0.22650133, 0.0, 1.0, 0.0, 0.22650133, 0.0, 0.9740109]
49.48629,0.0,286.8702, [0.9740109, 0.0, -0.22650133, 0.0, 1.0, 0.0, 0.22650133, 0.0, 0.9740109]
49.548462,0.0,287.13757, [0.9740109, 0.0, -0.22650133, 0.0, 1.0, 0.0, 0.22650133, 0.0, 0.9740109]
49.61208,0.0,287.41113, [0.9740109, 0.0, -0.22650133, 0.0, 1.0, 0.0, 0.22650133, 0.0, 0.9740109]
49.674854,0.0,287.6811, [0.9740109, 0.0, -0.22650133, 0.0, 1.0, 0.0, 0.22650133, 0.0, 0.9740109]
49.737446,0.0,287.95026, [0.9740109, 0.0, -0.22650133, 0.0, 1.0, 0.0, 0.22650133, 0.0, 0.9740109]
49.801067,0.0,288.22385, [0.9740109, 0.0, -0.22650133, 0.0, 1.0, 0.0, 0.22650133, 0.0, 0.9740109]
49.863686,0.0,288.49313, [0.9740109, 0.0, -0.22650133, 0.0, 1.0, 0.0, 0.22650133, 0.0, 0.9740109]
49.926384,0.0,288.76276, [0.9740109, 0.0, -0.22650133, 0.0, 1.0, 0.0, 0.22650133, 0.0, 0.9740109]
49.989372,0.0,289.03363, [0.9740109, 0.0, -0.22650133, 0.0, 1.0, 0.0, 0.22650133, 0.0, 0.9740109]
50.05276,0.0,289.3062, [0.9740109, 0.0, -0.22650133, 0.0, 1.0, 0.0, 0.22650133, 0.0, 0.9740109]
50.115257,0.0,289.57495, [0.9740109, 0.0, -0.22650133, 0.0, 1.0, 0.0, 0.22650133, 0.0, 0.9740109]
50.17821,0.0,289.84567, [0.9740109, 0.0, -0.22650133, 0.0, 1.0, 0.0, 0.22650133, 0.0, 0.9740109]
50.241062,0.0,290.11597, [0.9740109, 0.0, -0.22650133, 0.0, 1.0, 0.0, 0.22650133, 0.0, 0.9740109]
50.30388,0.0,290.38608, [0.9740109, 0.0, -0.22650133, 0.0, 1.0, 0.0, 0.22650133, 0.0, 0.9740109]
50.366947,0.0,290.6573, [0.9740109, 0.0, -0.22650133, 0.0, 1.0, 0.0, 0.22650133, 0.0, 0.9740109]
50.42943,0.0,290.92596, [0.9740109, 0.0, -0.22650133, 0.0, 1.0, 0.0, 0.22650133, 0.0, 0.9740109]
50.492634,0.0,291.19775, [0.9740109, 0.0, -0.22650133, 0.0, 1.0, 0.0, 0.22650133, 0.0, 0.9740109]
50.555504,0.0,291.4681, [0.9740109, 0.0, -0.22650133, 0.0, 1.0, 0.0, 0.22650133, 0.0, 0.9740109]
50.61872,0.0,291.73996, [0.9740109, 0.0, -0.22650133, 0.0, 1.0, 0.0, 0.22650133, 0.0, 0.9740109]
50.68138,0.0,292.0094, [0.9740109, 0.0, -0.22650133, 0.0, 1.0, 0.0, 0.22650133, 0.0, 0.9740109]
50.74434,0.0,292.28012, [0.9740109, 0.0, -0.22650133, 0.0, 1.0, 0.0, 0.22650133, 0.0, 0.9740109]
50.807346,0.0,292.55106, [0.9740109, 0.0, -0.22650133, 0.0, 1.0, 0.0, 0.22650133, 0.0, 0.9740109]
50.870586,0.0,292.823, [0.9740109, 0.0, -0.22650133, 0.0, 1.0, 0.0, 0.22650133, 0.0, 0.9740109]
50.93293,0.0,293.0911, [0.9740109, 0.0, -0.22650133, 0.0, 1.0, 0.0, 0.22650133, 0.0, 0.9740109]
50.99618,0.0,293.3631, [0.9740109, 0.0, -0.22650133, 0.0, 1.0, 0.0, 0.22650133, 0.0, 0.9740109]
51.059174,0.0,293.63397, [0.9740109, 0.0, -0.22650133, 0.0, 1.0, 0.0, 0.22650133, 0.0, 0.9740109]
51.121853,0.0,293.9035, [0.9740109, 0.0, -0.22650133, 0.0, 1.0, 0.0, 0.22650133, 0.0, 0.9740109]
51.185173,0.0,294.17578, [0.9740109, 0.0, -0.22650133, 0.0, 1.0, 0.0, 0.22650133, 0.0, 0.9740109]
51.248318,0.0,294.44733, [0.9740109, 0.0, -0.22650133, 0.0, 1.0, 0.0, 0.22650133, 0.0, 0.9740109]
51.311123,0.0,294.7174, [0.9740109, 0.0, -0.22650133, 0.0, 1.0, 0.0, 0.22650133, 0.0, 0.9740109]
51.373184,0.0,294.98428, [0.9740109, 0.0, -0.22650133, 0.0, 1.0, 0.0, 0.22650133, 0.0, 0.9740109]
51.435886,0.0,295.2539, [0.9740109, 0.0, -0.22650133, 0.0, 1.0, 0.0, 0.22650133, 0.0, 0.9740109]
51.49905,0.0,295.5255, [0.9740109, 0.0, -0.22650133, 0.0, 1.0, 0.0, 0.22650133, 0.0, 0.9740109]
51.563114,0.0,295.801, [0.9740109, 0.0, -0.22650133, 0.0, 1.0, 0.0, 0.22650133, 0.0, 0.9740109]
51.62436,0.0,296.06436, [0.9740109, 0.0, -0.22650133, 0.0, 1.0, 0.0, 0.22650133, 0.0, 0.9740109]
51.687687,0.0,296.3367, [0.9740109, 0.0, -0.22650133, 0.0, 1.0, 0.0, 0.22650133, 0.0, 0.9740109]
51.750534,0.0,296.60696, [0.9740109, 0.0, -0.22650133, 0.0, 1.0, 0.0, 0.22650133, 0.0, 0.9740109]
51.813297,0.0,296.87686, [0.9740109, 0.0, -0.22650133, 0.0, 1.0, 0.0, 0.22650133, 0.0, 0.9740109]
51.87732,0.0,297.1522, [0.9740109, 0.0, -0.22650133, 0.0, 1.0, 0.0, 0.22650133, 0.0, 0.9740109]
51.939545,0.0,297.41977, [0.9740109, 0.0, -0.22650133, 0.0, 1.0, 0.0, 0.22650133, 0.0, 0.9740109]
52.00259,0.0,297.6909, [0.9740109, 0.0, -0.22650133, 0.0, 1.0, 0.0, 0.22650133, 0.0, 0.9740109]
52.06613,0.0,297.96414, [0.9740109, 0.0, -0.22650133, 0.0, 1.0, 0.0, 0.22650133, 0.0, 0.9740109]
52.1287,0.0,298.23322, [0.9740109, 0.0, -0.22650133, 0.0, 1.0, 0.0, 0.22650133, 0.0, 0.9740109]
52.190823,0.0,298.50037, [0.9740109, 0.0, -0.22650133, 0.0, 1.0, 0.0, 0.22650133, 0.0, 0.9740109]
52.25474,0.0,298.77524, [0.9740109, 0.0, -0.22650133, 0.0, 1.0, 0.0, 0.22650133, 0.0, 0.9740109]
52.317932,0.0,299.04697, [0.9740109, 0.0, -0.22650133, 0.0, 1.0, 0.0, 0.22650133, 0.0, 0.9740109]
52.38062,0.0,299.31653, [0.9740109, 0.0, -0.22650133, 0.0, 1.0, 0.0, 0.22650133, 0.0, 0.9740109]
52.443027,0.0,299.5849, [0.9740109, 0.0, -0.22650133, 0.0, 1.0, 0.0, 0.22650133, 0.0, 0.9740109]
52.50599,0.0,299.85565, [0.9740109, 0.0, -0.22650133, 0.0, 1.0, 0.0, 0.22650133, 0.0, 0.9740109]
52.568707,0.0,300.12534, [0.9740109, 0.0, -0.22650133, 0.0, 1.0, 0.0, 0.22650133, 0.0, 0.9740109]
52.632305,0.0,300.39883, [0.9740109, 0.0, -0.22650133, 0.0, 1.0, 0.0, 0.22650133, 0.0, 0.9740109]
52.695282,0.0,300.66965, [0.9740109, 0.0, -0.22650133, 0.0, 1.0, 0.0, 0.22650133, 0.0, 0.9740109]
52.75857,0.0,300.9418, [0.9740109, 0.0, -0.22650133, 0.0, 1.0, 0.0, 0.22650133, 0.0, 0.9740109]
52.82082,0.0,301.2095, [0.9740109, 0.0, -0.22650133, 0.0, 1.0, 0.0, 0.22650133, 0.0, 0.9740109]
52.88382,0.0,301.4804, [0.9740109, 0.0, -0.22650133, 0.0, 1.0, 0.0, 0.22650133, 0.0, 0.9740109]
52.94632,0.0,301.74918, [0.9740109, 0.0, -0.22650133, 0.0, 1.0, 0.0, 0.22650133, 0.0, 0.9740109]
53.01038,0.0,302.02466, [0.9740109, 0.0, -0.22650133, 0.0, 1.0, 0.0, 0.22650133, 0.0, 0.9740109]
53.07275,0.0,302.29288, [0.9740109, 0.0, -0.22650133, 0.0, 1.0, 0.0, 0.22650133, 0.0, 0.9740109]
53.13562,0.0,302.56323, [0.9740109, 0.0, -0.22650133, 0.0, 1.0, 0.0, 0.22650133, 0.0, 0.9740109]
53.199066,0.0,302.83606, [0.9740109, 0.0, -0.22650133, 0.0, 1.0, 0.0, 0.22650133, 0.0, 0.9740109]
53.261497,0.0,303.10452, [0.9740109, 0.0, -0.22650133, 0.0, 1.0, 0.0, 0.22650133, 0.0, 0.9740109]
53.32404,0.0,303.37347, [0.9740109, 0.0, -0.22650133, 0.0, 1.0, 0.0, 0.22650133, 0.0, 0.9740109]
53.38748,0.0,303.6463, [0.9740109, 0.0, -0.22650133, 0.0, 1.0, 0.0, 0.22650133, 0.0, 0.9740109]
53.45013,0.0,303.9157, [0.9740109, 0.0, -0.22650133, 0.0, 1.0, 0.0, 0.22650133, 0.0, 0.9740109]
53.512505,0.0,304.18393, [0.9740109, 0.0, -0.22650133, 0.0, 1.0, 0.0, 0.22650133, 0.0, 0.9740109]
53.576057,0.0,304.4572, [0.9740109, 0.0, -0.22650133, 0.0, 1.0, 0.0, 0.22650133, 0.0, 0.9740109]
53.63871,0.0,304.72665, [0.9740109, 0.0, -0.22650133, 0.0, 1.0, 0.0, 0.22650133, 0.0, 0.9740109]
53.70147,0.0,304.99655, [0.9740109, 0.0, -0.22650133, 0.0, 1.0, 0.0, 0.22650133, 0.0, 0.9740109]
53.764652,0.0,305.26825, [0.9740109, 0.0, -0.22650133, 0.0, 1.0, 0.0, 0.22650133, 0.0, 0.9740109]
53.827232,0.0,305.53735, [0.9740109, 0.0, -0.22650133, 0.0, 1.0, 0.0, 0.22650133, 0.0, 0.9740109]
53.89025,0.0,305.80835, [0.9740109, 0.0, -0.22650133, 0.0, 1.0, 0.0, 0.22650133, 0.0, 0.9740109]
53.95331,0.0,306.07953, [0.9740109, 0.0, -0.22650133, 0.0, 1.0, 0.0, 0.22650133, 0.0, 0.9740109]
54.016396,0.0,306.35083, [0.9740109, 0.0, -0.22650133, 0.0, 1.0, 0.0, 0.22650133, 0.0, 0.9740109]
54.07917,0.0,306.6208, [0.9740109, 0.0, -0.22650133, 0.0, 1.0, 0.0, 0.22650133, 0.0, 0.9740109]
54.141487,0.0,306.88876, [0.9740109, 0.0, -0.22650133, 0.0, 1.0, 0.0, 0.22650133, 0.0, 0.9740109]
54.204273,0.0,307.15875, [0.9740109, 0.0, -0.22650133, 0.0, 1.0, 0.0, 0.22650133, 0.0, 0.9740109]
54.26725,0.0,307.42957, [0.9740109, 0.0, -0.22650133, 0.0, 1.0, 0.0, 0.22650133, 0.0, 0.9740109]
54.33031,0.0,307.70074, [0.9740109, 0.0, -0.22650133, 0.0, 1.0, 0.0, 0.22650133, 0.0, 0.9740109]
54.39313,0.0,307.9709, [0.9740109, 0.0, -0.22650133, 0.0, 1.0, 0.0, 0.22650133, 0.0, 0.9740109]
54.456688,0.0,308.2442, [0.9740109, 0.0, -0.22650133, 0.0, 1.0, 0.0, 0.22650133, 0.0, 0.9740109]
54.52013,0.0,308.517, [0.9740109, 0.0, -0.22650133, 0.0, 1.0, 0.0, 0.22650133, 0.0, 0.9740109]
54.582844,0.0,308.78668, [0.9740109, 0.0, -0.22650133, 0.0, 1.0, 0.0, 0.22650133, 0.0, 0.9740109]
54.6452,0.0,309.0548, [0.9740109, 0.0, -0.22650133, 0.0, 1.0, 0.0, 0.22650133, 0.0, 0.9740109]
54.708256,0.0,309.32596, [0.9740109, 0.0, -0.22650133, 0.0, 1.0, 0.0, 0.22650133, 0.0, 0.9740109]
54.77152,0.0,309.59802, [0.9740109, 0.0, -0.22650133, 0.0, 1.0, 0.0, 0.22650133, 0.0, 0.9740109]
54.833588,0.0,309.86493, [0.9740109, 0.0, -0.22650133, 0.0, 1.0, 0.0, 0.22650133, 0.0, 0.9740109]
54.897423,0.0,310.13943, [0.9740109, 0.0, -0.22650133, 0.0, 1.0, 0.0, 0.22650133, 0.0, 0.9740109]
54.95977,0.0,310.40756, [0.9740109, 0.0, -0.22650133, 0.0, 1.0, 0.0, 0.22650133, 0.0, 0.9740109]
55.023277,0.0,310.68066, [0.9740109, 0.0, -0.22650133, 0.0, 1.0, 0.0, 0.22650133, 0.0, 0.9740109]
55.085873,0.0,310.94986, [0.9740109, 0.0, -0.22650133, 0.0, 1.0, 0.0, 0.22650133, 0.0, 0.9740109]
55.149517,0.0,311.22354, [0.9740109, 0.0, -0.22650133, 0.0, 1.0, 0.0, 0.22650133, 0.0, 0.9740109]
55.211468,0.0,311.48996, [0.9740109, 0.0, -0.22650133, 0.0, 1.0, 0.0, 0.22650133, 0.0, 0.9740109]
55.27421,0.0,311.75977, [0.9740109, 0.0, -0.22650133, 0.0, 1.0, 0.0, 0.22650133, 0.0, 0.9740109]
55.33808,0.0,312.03442, [0.9740109, 0.0, -0.22650133, 0.0, 1.0, 0.0, 0.22650133, 0.0, 0.9740109]
55.400356,0.0,312.30222, [0.9740109, 0.0, -0.22650133, 0.0, 1.0, 0.0, 0.22650133, 0.0, 0.9740109]
55.463223,0.0,312.57254, [0.9740109, 0.0, -0.22650133, 0.0, 1.0, 0.0, 0.22650133, 0.0, 0.9740109]
55.525837,0.0,312.8418, [0.9740109, 0.0, -0.22650133, 0.0, 1.0, 0.0, 0.22650133, 0.0, 0.9740109]
55.589165,0.0,313.11414, [0.9740109, 0.0, -0.22650133, 0.0, 1.0, 0.0, 0.22650133, 0.0, 0.9740109]
55.65165,0.0,313.38284, [0.9740109, 0.0, -0.22650133, 0.0, 1.0, 0.0, 0.22650133, 0.0, 0.9740109]
55.714935,0.0,313.655, [0.9740109, 0.0, -0.22650133, 0.0, 1.0, 0.0, 0.22650133, 0.0, 0.9740109]
55.77752,0.0,313.92413, [0.9740109, 0.0, -0.22650133, 0.0, 1.0, 0.0, 0.22650133, 0.0, 0.9740109]
55.84047,0.0,314.19482, [0.9740109, 0.0, -0.22650133, 0.0, 1.0, 0.0, 0.22650133, 0.0, 0.9740109]
55.9035,0.0,314.46588, [0.9740109, 0.0, -0.22650133, 0.0, 1.0, 0.0, 0.22650133, 0.0, 0.9740109]
55.966663,0.0,314.7375, [0.9740109, 0.0, -0.22650133, 0.0, 1.0, 0.0, 0.22650133, 0.0, 0.9740109]
56.02969,0.0,315.0085, [0.9740109, 0.0, -0.22650133, 0.0, 1.0, 0.0, 0.22650133, 0.0, 0.9740109]
56.09228,0.0,315.27768, [0.9740109, 0.0, -0.22650133, 0.0, 1.0, 0.0, 0.22650133, 0.0, 0.9740109]
56.154945,0.0,315.54715, [0.9740109, 0.0, -0.22650133, 0.0, 1.0, 0.0, 0.22650133, 0.0, 0.9740109]
56.218098,0.0,315.81873, [0.9740109, 0.0, -0.22650133, 0.0, 1.0, 0.0, 0.22650133, 0.0, 0.9740109]
56.37502,0.0,316.49353, [0.9740109, 0.0, -0.22650133, 0.0, 1.0, 0.0, 0.22650133, 0.0, 0.9740109]
56.40688,0.0,316.63052, [0.9740109, 0.0, -0.22650133, 0.0, 1.0, 0.0, 0.22650133, 0.0, 0.9740109]
56.439816,0.0,316.77216, [0.9740109, 0.0, -0.22650133, 0.0, 1.0, 0.0, 0.22650133, 0.0, 0.9740109]
56.502666,0.0,317.04242, [0.9740109, 0.0, -0.22650133, 0.0, 1.0, 0.0, 0.22650133, 0.0, 0.9740109]
56.5665,0.0,317.31693, [0.9740109, 0.0, -0.22650133, 0.0, 1.0, 0.0, 0.22650133, 0.0, 0.9740109]
56.629078,0.0,317.58603, [0.9740109, 0.0, -0.22650133, 0.0, 1.0, 0.0, 0.22650133, 0.0, 0.9740109]
56.691612,0.0,317.85495, [0.9740109, 0.0, -0.22650133, 0.0, 1.0, 0.0, 0.22650133, 0.0, 0.9740109]
56.75492,0.0,318.1272, [0.9740109, 0.0, -0.22650133, 0.0, 1.0, 0.0, 0.22650133, 0.0, 0.9740109]
56.81766,0.0,318.397, [0.9740109, 0.0, -0.22650133, 0.0, 1.0, 0.0, 0.22650133, 0.0, 0.9740109]
56.88018,0.0,318.66586, [0.9740109, 0.0, -0.22650133, 0.0, 1.0, 0.0, 0.22650133, 0.0, 0.9740109]
56.943542,0.0,318.93835, [0.9740109, 0.0, -0.22650133, 0.0, 1.0, 0.0, 0.22650133, 0.0, 0.9740109]
57.007034,0.0,319.2114, [0.9740109, 0.0, -0.22650133, 0.0, 1.0, 0.0, 0.22650133, 0.0, 0.9740109]
57.068844,0.0,319.47717, [0.9740109, 0.0, -0.22650133, 0.0, 1.0, 0.0, 0.22650133, 0.0, 0.9740109]
57.132233,0.0,319.74976, [0.9740109, 0.0, -0.22650133, 0.0, 1.0, 0.0, 0.22650133, 0.0, 0.9740109]
57.19539,0.0,320.02136, [0.9740109, 0.0, -0.22650133, 0.0, 1.0, 0.0, 0.22650133, 0.0, 0.9740109]
57.258705,0.0,320.29364, [0.9740109, 0.0, -0.22650133, 0.0, 1.0, 0.0, 0.22650133, 0.0, 0.9740109]
57.321167,0.0,320.56226, [0.9740109, 0.0, -0.22650133, 0.0, 1.0, 0.0, 0.22650133, 0.0, 0.9740109]
57.384632,0.0,320.83517, [0.9740109, 0.0, -0.22650133, 0.0, 1.0, 0.0, 0.22650133, 0.0, 0.9740109]
57.46344,0.0,321.17047, [0.9734106, 0.0, -0.22906746, 0.0, 1.0, 0.0, 0.22906746, 0.0, 0.9734106]
57.543995,0.0,321.5074, [0.9724979, 0.0, -0.23291188, 0.0, 1.0, 0.0, 0.23291188, 0.0, 0.9724979]
57.627083,0.0,321.84662, [0.97115767, 0.0, -0.23843838, 0.0, 1.0, 0.0, 0.23843838, 0.0, 0.97115767]
57.71144,0.0,322.1827, [0.96977615, 0.0, -0.24399665, 0.0, 1.0, 0.0, 0.24399665, 0.0, 0.96977615]
57.7987,0.0,322.52008, [0.96796167, 0.0, -0.25109825, 0.0, 1.0, 0.0, 0.25109825, 0.0, 0.96796167]
57.887722,0.0,322.8527, [0.96577096, 0.0, -0.2593966, 0.0, 1.0, 0.0, 0.2593966, 0.0, 0.96577096]
57.980934,0.0,323.1895, [0.96354896, 0.0, -0.26753205, 0.0, 1.0, 0.0, 0.26753205, 0.0, 0.96354896]
58.076084,0.0,323.5212, [0.9609628, 0.0, -0.27667764, 0.0, 1.0, 0.0, 0.27667764, 0.0, 0.9609628]
58.175022,0.0,323.85397, [0.9582582, 0.0, -0.28590426, 0.0, 1.0, 0.0, 0.28590426, 0.0, 0.9582582]
58.277702,0.0,324.18744, [0.95542794, 0.0, -0.2952244, 0.0, 1.0, 0.0, 0.2952244, 0.0, 0.95542794]
58.383373,0.0,324.51892, [0.9524581, 0.0, -0.30466986, 0.0, 1.0, 0.0, 0.30466986, 0.0, 0.9524581]
58.49173,0.0,324.8476, [0.9493994, 0.0, -0.3140714, 0.0, 1.0, 0.0, 0.3140714, 0.0, 0.9493994]
58.60482,0.0,325.17957, [0.9462659, 0.0, -0.32338974, 0.0, 1.0, 0.0, 0.32338974, 0.0, 0.9462659]
58.720192,0.0,325.5075, [0.9429876, 0.0, -0.3328279, 0.0, 1.0, 0.0, 0.3328279, 0.0, 0.9429876]
58.83975,0.0,325.8369, [0.93967396, 0.0, -0.34207135, 0.0, 1.0, 0.0, 0.34207135, 0.0, 0.93967396]
58.958996,0.0,326.1556, [0.9362214, 0.0, -0.35141057, 0.0, 1.0, 0.0, 0.35141057, 0.0, 0.9362214]
59.083824,0.0,326.47964, [0.9328183, 0.0, -0.36034703, 0.0, 1.0, 0.0, 0.36034703, 0.0, 0.9328183]
59.21183,0.0,326.80243, [0.92920226, 0.0, -0.3695715, 0.0, 1.0, 0.0, 0.3695715, 0.0, 0.92920226]
59.342377,0.0,327.1224, [0.9255278, 0.0, -0.37867945, 0.0, 1.0, 0.0, 0.37867945, 0.0, 0.9255278]
59.47739,0.0,327.44424, [0.9217786, 0.0, -0.3877165, 0.0, 1.0, 0.0, 0.3877165, 0.0, 0.9217786]
59.617474,0.0,327.76913, [0.91788894, 0.0, -0.3968372, 0.0, 1.0, 0.0, 0.3968372, 0.0, 0.91788894]
59.75614,0.0,328.0821, [0.9138576, 0.0, -0.40603468, 0.0, 1.0, 0.0, 0.40603468, 0.0, 0.9138576]
59.90043,0.0,328.3994, [0.9099167, 0.0, -0.41479087, 0.0, 1.0, 0.0, 0.41479087, 0.0, 0.9099167]
60.046112,0.0,328.7116, [0.9057516, 0.0, -0.4238089, 0.0, 1.0, 0.0, 0.4238089, 0.0, 0.9057516]
60.195206,0.0,329.0231, [0.9015992, 0.0, -0.43257216, 0.0, 1.0, 0.0, 0.43257216, 0.0, 0.9015992]
60.348427,0.0,329.33536, [0.8973236, 0.0, -0.44137302, 0.0, 1.0, 0.0, 0.44137302, 0.0, 0.8973236]
60.50369,0.0,329.64407, [0.8929325, 0.0, -0.45019042, 0.0, 1.0, 0.0, 0.45019042, 0.0, 0.8929325]
60.664474,0.0,329.95633, [0.88863075, 0.0, -0.45862317, 0.0, 1.0, 0.0, 0.45862317, 0.0, 0.88863075]
60.82682,0.0,330.26474, [0.8844658, 0.0, -0.46660486, 0.0, 1.0, 0.0, 0.46660486, 0.0, 0.8844658]
60.98959,0.0,330.5674, [0.8802938, 0.0, -0.47442877, 0.0, 1.0, 0.0, 0.47442877, 0.0, 0.8802938]
61.15747,0.0,330.87378, [0.8765892, 0.0, -0.4812393, 0.0, 1.0, 0.0, 0.4812393, 0.0, 0.8765892]
61.32632,0.0,331.17676, [0.87318116, 0.0, -0.48739567, 0.0, 1.0, 0.0, 0.48739567, 0.0, 0.87318116]
61.496372,0.0,331.477, [0.8697809, 0.0, -0.493438, 0.0, 1.0, 0.0, 0.493438, 0.0, 0.8697809]
61.670074,0.0,331.7797, [0.86705893, 0.0, -0.4982054, 0.0, 1.0, 0.0, 0.4982054, 0.0, 0.86705893]
61.844307,0.0,332.08032, [0.86496294, 0.0, -0.50183564, 0.0, 1.0, 0.0, 0.50183564, 0.0, 0.86496294]
62.01858,0.0,332.37814, [0.8628711, 0.0, -0.5054239, 0.0, 1.0, 0.0, 0.5054239, 0.0, 0.8628711]
62.158863,0.0,332.61765, [0.8628711, 0.0, -0.5054239, 0.0, 1.0, 0.0, 0.5054239, 0.0, 0.8628711]
62.300068,0.0,332.8587, [0.8628711, 0.0, -0.5054239, 0.0, 1.0, 0.0, 0.5054239, 0.0, 0.8628711]
62.440758,0.0,333.0989, [0.8628711, 0.0, -0.5054239, 0.0, 1.0, 0.0, 0.5054239, 0.0, 0.8628711]
62.581154,0.0,333.3386, [0.8628711, 0.0, -0.5054239, 0.0, 1.0, 0.0, 0.5054239, 0.0, 0.8628711]
62.720737,0.0,333.5769, [0.8628711, 0.0, -0.5054239, 0.0, 1.0, 0.0, 0.5054239, 0.0, 0.8628711]
62.863247,0.0,333.8202, [0.8628711, 0.0, -0.5054239, 0.0, 1.0, 0.0, 0.5054239, 0.0, 0.8628711]
63.00133,0.0,334.05594, [0.8628711, 0.0, -0.5054239, 0.0, 1.0, 0.0, 0.5054239, 0.0, 0.8628711]
63.143482,0.0,334.2986, [0.8628711, 0.0, -0.5054239, 0.0, 1.0, 0.0, 0.5054239, 0.0, 0.8628711]
63.2843,0.0,334.53903, [0.8628711, 0.0, -0.5054239, 0.0, 1.0, 0.0, 0.5054239, 0.0, 0.8628711]
63.422592,0.0,334.77512, [0.8628711, 0.0, -0.5054239, 0.0, 1.0, 0.0, 0.5054239, 0.0, 0.8628711]
63.563614,0.0,335.01587, [0.8628711, 0.0, -0.5054239, 0.0, 1.0, 0.0, 0.5054239, 0.0, 0.8628711]
63.704914,0.0,335.2571, [0.8628711, 0.0, -0.5054239, 0.0, 1.0, 0.0, 0.5054239, 0.0, 0.8628711]
63.844288,0.0,335.49506, [0.8628711, 0.0, -0.5054239, 0.0, 1.0, 0.0, 0.5054239, 0.0, 0.8628711]
63.9852,0.0,335.73563, [0.8628711, 0.0, -0.5054239, 0.0, 1.0, 0.0, 0.5054239, 0.0, 0.8628711]
64.12541,0.0,335.975, [0.8628711, 0.0, -0.5054239, 0.0, 1.0, 0.0, 0.5054239, 0.0, 0.8628711]
64.26565,0.0,336.21442, [0.8628711, 0.0, -0.5054239, 0.0, 1.0, 0.0, 0.5054239, 0.0, 0.8628711]
64.40759,0.0,336.45676, [0.8628711, 0.0, -0.5054239, 0.0, 1.0, 0.0, 0.5054239, 0.0, 0.8628711]
64.54791,0.0,336.69632, [0.8628711, 0.0, -0.5054239, 0.0, 1.0, 0.0, 0.5054239, 0.0, 0.8628711]
64.686165,0.0,336.93234, [0.8628711, 0.0, -0.5054239, 0.0, 1.0, 0.0, 0.5054239, 0.0, 0.8628711]
64.826996,0.0,337.17276, [0.8628711, 0.0, -0.5054239, 0.0, 1.0, 0.0, 0.5054239, 0.0, 0.8628711]
65.003555,0.0,337.47202, [0.86107844, 0.0, -0.50847197, 0.0, 1.0, 0.0, 0.50847197, 0.0, 0.86107844]
65.1834,0.0,337.77185, [0.8571778, 0.0, -0.5150205, 0.0, 1.0, 0.0, 0.5150205, 0.0, 0.8571778]
65.364105,0.0,338.06793, [0.85319257, 0.0, -0.521596, 0.0, 1.0, 0.0, 0.521596, 0.0, 0.85319257]
65.547066,0.0,338.36044, [0.8472252, 0.0, -0.5312339, 0.0, 1.0, 0.0, 0.5312339, 0.0, 0.8472252]
65.73395,0.0,338.65143, [0.84077084, 0.0, -0.5413912, 0.0, 1.0, 0.0, 0.5413912, 0.0, 0.84077084]
65.925804,0.0,338.94238, [0.83416915, 0.0, -0.5515088, 0.0, 1.0, 0.0, 0.5515088, 0.0, 0.83416915]
66.120224,0.0,339.22952, [0.8273869, 0.0, -0.56163245, 0.0, 1.0, 0.0, 0.56163245, 0.0, 0.8273869]
66.320045,0.0,339.5171, [0.8205394, 0.0, -0.57159, 0.0, 1.0, 0.0, 0.57159, 0.0, 0.8205394]
66.522644,0.0,339.8012, [0.81347114, 0.0, -0.5816053, 0.0, 1.0, 0.0, 0.5816053, 0.0, 0.81347114]
66.72684,0.0,340.0803, [0.80633855, 0.0, -0.5914543, 0.0, 1.0, 0.0, 0.5914543, 0.0, 0.80633855]
66.93319,0.0,340.35532, [0.7991542, 0.0, -0.60112613, 0.0, 1.0, 0.0, 0.60112613, 0.0, 0.7991542]
67.14549,0.0,340.6313, [0.7918897, 0.0, -0.6106641, 0.0, 1.0, 0.0, 0.6106641, 0.0, 0.7918897]
67.36199,0.0,340.90573, [0.7843843, 0.0, -0.6202753, 0.0, 1.0, 0.0, 0.6202753, 0.0, 0.7843843]
67.579895,0.0,341.17557, [0.77728164, 0.0, -0.6291531, 0.0, 1.0, 0.0, 0.6291531, 0.0, 0.77728164]
67.80011,0.0,341.44412, [0.77283233, 0.0, -0.63461053, 0.0, 1.0, 0.0, 0.63461053, 0.0, 0.77283233]
68.02389,0.0,341.71313, [0.7683258, 0.0, -0.64005923, 0.0, 1.0, 0.0, 0.64005923, 0.0, 0.7683258]
68.19809,0.0,341.92224, [0.7683258, 0.0, -0.64005923, 0.0, 1.0, 0.0, 0.64005923, 0.0, 0.7683258]
68.37947,0.0,342.13998, [0.7683258, 0.0, -0.64005923, 0.0, 1.0, 0.0, 0.64005923, 0.0, 0.7683258]
68.55426,0.0,342.3498, [0.7683258, 0.0, -0.64005923, 0.0, 1.0, 0.0, 0.64005923, 0.0, 0.7683258]
68.732544,0.0,342.5638, [0.7683258, 0.0, -0.64005923, 0.0, 1.0, 0.0, 0.64005923, 0.0, 0.7683258]
68.91195,0.0,342.77917, [0.7683258, 0.0, -0.64005923, 0.0, 1.0, 0.0, 0.64005923, 0.0, 0.7683258]
69.08883,0.0,342.9915, [0.7683258, 0.0, -0.64005923, 0.0, 1.0, 0.0, 0.64005923, 0.0, 0.7683258]
69.26578,0.0,343.2039, [0.7683258, 0.0, -0.64005923, 0.0, 1.0, 0.0, 0.64005923, 0.0, 0.7683258]
69.445244,0.0,343.4193, [0.7683258, 0.0, -0.64005923, 0.0, 1.0, 0.0, 0.64005923, 0.0, 0.7683258]
69.62325,0.0,343.633, [0.7683258, 0.0, -0.64005923, 0.0, 1.0, 0.0, 0.64005923, 0.0, 0.7683258]
69.8006,0.0,343.8459, [0.7683258, 0.0, -0.64005923, 0.0, 1.0, 0.0, 0.64005923, 0.0, 0.7683258]
69.978745,0.0,344.05972, [0.7683258, 0.0, -0.64005923, 0.0, 1.0, 0.0, 0.64005923, 0.0, 0.7683258]
70.15733,0.0,344.2741, [0.7683258, 0.0, -0.64005923, 0.0, 1.0, 0.0, 0.64005923, 0.0, 0.7683258]
70.331604,0.0,344.4833, [0.7683258, 0.0, -0.64005923, 0.0, 1.0, 0.0, 0.64005923, 0.0, 0.7683258]
70.51089,0.0,344.69852, [0.7683258, 0.0, -0.64005923, 0.0, 1.0, 0.0, 0.64005923, 0.0, 0.7683258]
70.68914,0.0,344.9125, [0.7683258, 0.0, -0.64005923, 0.0, 1.0, 0.0, 0.64005923, 0.0, 0.7683258]
70.866974,0.0,345.12598, [0.7683258, 0.0, -0.64005923, 0.0, 1.0, 0.0, 0.64005923, 0.0, 0.7683258]
71.0432,0.0,345.33752, [0.7683258, 0.0, -0.64005923, 0.0, 1.0, 0.0, 0.64005923, 0.0, 0.7683258]
71.22312,0.0,345.5535, [0.7683258, 0.0, -0.64005923, 0.0, 1.0, 0.0, 0.64005923, 0.0, 0.7683258]
71.39952,0.0,345.76526, [0.7683258, 0.0, -0.64005923, 0.0, 1.0, 0.0, 0.64005923, 0.0, 0.7683258]
71.57949,0.0,345.9813, [0.7683258, 0.0, -0.64005923, 0.0, 1.0, 0.0, 0.64005923, 0.0, 0.7683258]
71.75484,0.0,346.19177, [0.7683258, 0.0, -0.64005923, 0.0, 1.0, 0.0, 0.64005923, 0.0, 0.7683258]
71.931755,0.0,346.40414, [0.7683258, 0.0, -0.64005923, 0.0, 1.0, 0.0, 0.64005923, 0.0, 0.7683258]
72.108955,0.0,346.61685, [0.7683258, 0.0, -0.64005923, 0.0, 1.0, 0.0, 0.64005923, 0.0, 0.7683258]
72.28759,0.0,346.8313, [0.7683258, 0.0, -0.64005923, 0.0, 1.0, 0.0, 0.64005923, 0.0, 0.7683258]
72.46653,0.0,347.0461, [0.7683258, 0.0, -0.64005923, 0.0, 1.0, 0.0, 0.64005923, 0.0, 0.7683258]
72.64468,0.0,347.25995, [0.7683258, 0.0, -0.64005923, 0.0, 1.0, 0.0, 0.64005923, 0.0, 0.7683258]
72.823204,0.0,347.47424, [0.7683258, 0.0, -0.64005923, 0.0, 1.0, 0.0, 0.64005923, 0.0, 0.7683258]
72.99929,0.0,347.6856, [0.7683258, 0.0, -0.64005923, 0.0, 1.0, 0.0, 0.64005923, 0.0, 0.7683258]
73.177376,0.0,347.89938, [0.7683258, 0.0, -0.64005923, 0.0, 1.0, 0.0, 0.64005923, 0.0, 0.7683258]
73.356964,0.0,348.11496, [0.7683258, 0.0, -0.64005923, 0.0, 1.0, 0.0, 0.64005923, 0.0, 0.7683258]
73.53233,0.0,348.32547, [0.7683258, 0.0, -0.64005923, 0.0, 1.0, 0.0, 0.64005923, 0.0, 0.7683258]
73.710915,0.0,348.53983, [0.7683258, 0.0, -0.64005923, 0.0, 1.0, 0.0, 0.64005923, 0.0, 0.7683258]
73.88848,0.0,348.753, [0.7683258, 0.0, -0.64005923, 0.0, 1.0, 0.0, 0.64005923, 0.0, 0.7683258]
74.065636,0.0,348.96564, [0.7683258, 0.0, -0.64005923, 0.0, 1.0, 0.0, 0.64005923, 0.0, 0.7683258]
74.24574,0.0,349.18185, [0.7683258, 0.0, -0.64005923, 0.0, 1.0, 0.0, 0.64005923, 0.0, 0.7683258]
74.422585,0.0,349.39413, [0.7683258, 0.0, -0.64005923, 0.0, 1.0, 0.0, 0.64005923, 0.0, 0.7683258]
74.59912,0.0,349.60605, [0.7683258, 0.0, -0.64005923, 0.0, 1.0, 0.0, 0.64005923, 0.0, 0.7683258]
74.77746,0.0,349.82013, [0.7683258, 0.0, -0.64005923, 0.0, 1.0, 0.0, 0.64005923, 0.0, 0.7683258]
74.95573,0.0,350.03412, [0.7683258, 0.0, -0.64005923, 0.0, 1.0, 0.0, 0.64005923, 0.0, 0.7683258]
75.13286,0.0,350.24673, [0.7683258, 0.0, -0.64005923, 0.0, 1.0, 0.0, 0.64005923, 0.0, 0.7683258]
75.310905,0.0,350.46048, [0.7683258, 0.0, -0.64005923, 0.0, 1.0, 0.0, 0.64005923, 0.0, 0.7683258]
75.490814,0.0,350.67645, [0.7683258, 0.0, -0.64005923, 0.0, 1.0, 0.0, 0.64005923, 0.0, 0.7683258]
75.66837,0.0,350.8896, [0.7683258, 0.0, -0.64005923, 0.0, 1.0, 0.0, 0.64005923, 0.0, 0.7683258]
75.846245,0.0,351.10312, [0.7683258, 0.0, -0.64005923, 0.0, 1.0, 0.0, 0.64005923, 0.0, 0.7683258]
76.02171,0.0,351.31375, [0.7683258, 0.0, -0.64005923, 0.0, 1.0, 0.0, 0.64005923, 0.0, 0.7683258]
76.19925,0.0,351.52686, [0.7683258, 0.0, -0.64005923, 0.0, 1.0, 0.0, 0.64005923, 0.0, 0.7683258]
76.37704,0.0,351.74026, [0.7683258, 0.0, -0.64005923, 0.0, 1.0, 0.0, 0.64005923, 0.0, 0.7683258]
76.55539,0.0,351.95438, [0.7683258, 0.0, -0.64005923, 0.0, 1.0, 0.0, 0.64005923, 0.0, 0.7683258]
76.73315,0.0,352.16776, [0.7683258, 0.0, -0.64005923, 0.0, 1.0, 0.0, 0.64005923, 0.0, 0.7683258]
76.91115,0.0,352.38144, [0.7683258, 0.0, -0.64005923, 0.0, 1.0, 0.0, 0.64005923, 0.0, 0.7683258]
77.08885,0.0,352.59476, [0.7683258, 0.0, -0.64005923, 0.0, 1.0, 0.0, 0.64005923, 0.0, 0.7683258]
77.268845,0.0,352.81082, [0.7683258, 0.0, -0.64005923, 0.0, 1.0, 0.0, 0.64005923, 0.0, 0.7683258]
77.44363,0.0,353.02063, [0.7683258, 0.0, -0.64005923, 0.0, 1.0, 0.0, 0.64005923, 0.0, 0.7683258]
77.62387,0.0,353.237, [0.7683258, 0.0, -0.64005923, 0.0, 1.0, 0.0, 0.64005923, 0.0, 0.7683258]
77.799965,0.0,353.4484, [0.7683258, 0.0, -0.64005923, 0.0, 1.0, 0.0, 0.64005923, 0.0, 0.7683258]
77.97769,0.0,353.66174, [0.7683258, 0.0, -0.64005923, 0.0, 1.0, 0.0, 0.64005923, 0.0, 0.7683258]
78.15498,0.0,353.87457, [0.7683258, 0.0, -0.64005923, 0.0, 1.0, 0.0, 0.64005923, 0.0, 0.7683258]
78.33247,0.0,354.08762, [0.7683258, 0.0, -0.64005923, 0.0, 1.0, 0.0, 0.64005923, 0.0, 0.7683258]
78.513725,0.0,354.30518, [0.7683258, 0.0, -0.64005923, 0.0, 1.0, 0.0, 0.64005923, 0.0, 0.7683258]
78.69081,0.0,354.51776, [0.7683258, 0.0, -0.64005923, 0.0, 1.0, 0.0, 0.64005923, 0.0, 0.7683258]
78.866104,0.0,354.72818, [0.7683258, 0.0, -0.64005923, 0.0, 1.0, 0.0, 0.64005923, 0.0, 0.7683258]
79.04516,0.0,354.9431, [0.7683258, 0.0, -0.64005923, 0.0, 1.0, 0.0, 0.64005923, 0.0, 0.7683258]
79.22238,0.0,355.15585, [0.7683258, 0.0, -0.64005923, 0.0, 1.0, 0.0, 0.64005923, 0.0, 0.7683258]
79.44584,0.0,355.42166, [0.7651583, 0.0, -0.64384246, 0.0, 1.0, 0.0, 0.64384246, 0.0, 0.7651583]
79.66946,0.0,355.68503, [0.7619587, 0.0, -0.64762574, 0.0, 1.0, 0.0, 0.64762574, 0.0, 0.7619587]
79.89838,0.0,355.9508, [0.75719565, 0.0, -0.6531883, 0.0, 1.0, 0.0, 0.6531883, 0.0, 0.75719565]
80.12835,0.0,356.21243, [0.75039613, 0.0, -0.6609885, 0.0, 1.0, 0.0, 0.6609885, 0.0, 0.75039613]
80.35732,0.0,356.4676, [0.74361134, 0.0, -0.6686122, 0.0, 1.0, 0.0, 0.6686122, 0.0, 0.74361134]
80.592804,0.0,356.72388, [0.7355836, 0.0, -0.677434, 0.0, 1.0, 0.0, 0.677434, 0.0, 0.7355836]
80.83306,0.0,356.97906, [0.72726166, 0.0, -0.6863604, 0.0, 1.0, 0.0, 0.6863604, 0.0, 0.72726166]
81.07319,0.0,357.22797, [0.7188051, 0.0, -0.69521177, 0.0, 1.0, 0.0, 0.69521177, 0.0, 0.7188051]
