35.0,0.0,239.40047, [1.0, 0.0, 0.0, 0.0, 1.0, 0.0, 0.0, 0.0, 1.0]
35.0,0.0,239.40456, [1.0, 0.0, 0.0, 0.0, 1.0, 0.0, 0.0, 0.0, 1.0]
35.0,0.0,239.41335, [1.0, 0.0, 0.0, 0.0, 1.0, 0.0, 0.0, 0.0, 1.0]
35.0,0.0,239.42679, [1.0, 0.0, 0.0, 0.0, 1.0, 0.0, 0.0, 0.0, 1.0]
35.0,0.0,239.44527, [1.0, 0.0, 0.0, 0.0, 1.0, 0.0, 0.0, 0.0, 1.0]
35.0,0.0,239.46877, [1.0, 0.0, 0.0, 0.0, 1.0, 0.0, 0.0, 0.0, 1.0]
35.0,0.0,239.49774, [1.0, 0.0, 0.0, 0.0, 1.0, 0.0, 0.0, 0.0, 1.0]
35.0,0.0,239.53049, [1.0, 0.0, 0.0, 0.0, 1.0, 0.0, 0.0, 0.0, 1.0]
35.0,0.0,239.56723, [1.0, 0.0, 0.0, 0.0, 1.0, 0.0, 0.0, 0.0, 1.0]
35.0,0.0,239.61035, [1.0, 0.0, 0.0, 0.0, 1.0, 0.0, 0.0, 0.0, 1.0]
35.0,0.0,239.65863, [1.0, 0.0, 0.0, 0.0, 1.0, 0.0, 0.0, 0.0, 1.0]
35.0,0.0,239.71252, [1.0, 0.0, 0.0, 0.0, 1.0, 0.0, 0.0, 0.0, 1.0]
35.0,0.0,239.7691, [1.0, 0.0, 0.0, 0.0, 1.0, 0.0, 0.0, 0.0, 1.0]
35.0,0.0,239.82848, [1.0, 0.0, 0.0, 0.0, 1.0, 0.0, 0.0, 0.0, 1.0]
35.0,0.0,239.89491, [1.0, 0.0, 0.0, 0.0, 1.0, 0.0, 0.0, 0.0, 1.0]
35.0,0.0,239.96793, [1.0, 0.0, 0.0, 0.0, 1.0, 0.0, 0.0, 0.0, 1.0]
35.0,0.0,240.04854, [1.0, 0.0, 0.0, 0.0, 1.0, 0.0, 0.0, 0.0, 1.0]
35.0,0.0,240.12814, [1.0, 0.0, 0.0, 0.0, 1.0, 0.0, 0.0, 0.0, 1.0]
35.0,0.0,240.20927, [1.0, 0.0, 0.0, 0.0, 1.0, 0.0, 0.0, 0.0, 1.0]
35.0,0.0,240.30046, [1.0, 0.0, 0.0, 0.0, 1.0, 0.0, 0.0, 0.0, 1.0]
35.0,0.0,240.39754, [1.0, 0.0, 0.0, 0.0, 1.0, 0.0, 0.0, 0.0, 1.0]
35.0,0.0,240.50139, [1.0, 0.0, 0.0, 0.0, 1.0, 0.0, 0.0, 0.0, 1.0]
35.0,0.0,240.60518, [1.0, 0.0, 0.0, 0.0, 1.0, 0.0, 0.0, 0.0, 1.0]
35.0,0.0,240.71136, [1.0, 0.0, 0.0, 0.0, 1.0, 0.0, 0.0, 0.0, 1.0]
35.0,0.0,240.82643, [1.0, 0.0, 0.0, 0.0, 1.0, 0.0, 0.0, 0.0, 1.0]
35.0,0.0,240.94868, [1.0, 0.0, 0.0, 0.0, 1.0, 0.0, 0.0, 0.0, 1.0]
35.0,0.0,241.07324, [1.0, 0.0, 0.0, 0.0, 1.0, 0.0, 0.0, 0.0, 1.0]
35.0,0.0,241.19928, [1.0, 0.0, 0.0, 0.0, 1.0, 0.0, 0.0, 0.0, 1.0]
35.0,0.0,241.33308, [1.0, 0.0, 0.0, 0.0, 1.0, 0.0, 0.0, 0.0, 1.0]
35.0,0.0,241.47334, [1.0, 0.0, 0.0, 0.0, 1.0, 0.0, 0.0, 0.0, 1.0]
35.0,0.0,241.62076, [1.0, 0.0, 0.0, 0.0, 1.0, 0.0, 0.0, 0.0, 1.0]
35.0,0.0,241.76904, [1.0, 0.0, 0.0, 0.0, 1.0, 0.0, 0.0, 0.0, 1.0]
35.0,0.0,241.92017, [1.0, 0.0, 0.0, 0.0, 1.0, 0.0, 0.0, 0.0, 1.0]
35.0,0.0,242.07877, [1.0, 0.0, 0.0, 0.0, 1.0, 0.0, 0.0, 0.0, 1.0]
35.0,0.0,242.24205, [1.0, 0.0, 0.0, 0.0, 1.0, 0.0, 0.0, 0.0, 1.0]
35.0,0.0,242.41397, [1.0, 0.0, 0.0, 0.0, 1.0, 0.0, 0.0, 0.0, 1.0]
35.0,0.0,242.58519, [1.0, 0.0, 0.0, 0.0, 1.0, 0.0, 0.0, 0.0, 1.0]
35.0,0.0,242.75839, [1.0, 0.0, 0.0, 0.0, 1.0, 0.0, 0.0, 0.0, 1.0]
35.0,0.0,242.94164, [1.0, 0.0, 0.0, 0.0, 1.0, 0.0, 0.0, 0.0, 1.0]
35.0,0.0,243.13092, [1.0, 0.0, 0.0, 0.0, 1.0, 0.0, 0.0, 0.0, 1.0]
35.0,0.0,243.32977, [1.0, 0.0, 0.0, 0.0, 1.0, 0.0, 0.0, 0.0, 1.0]
35.0,0.0,243.52534, [1.0, 0.0, 0.0, 0.0, 1.0, 0.0, 0.0, 0.0, 1.0]
35.0,0.0,243.7202, [1.0, 0.0, 0.0, 0.0, 1.0, 0.0, 0.0, 0.0, 1.0]
35.0,0.0,243.92596, [1.0, 0.0, 0.0, 0.0, 1.0, 0.0, 0.0, 0.0, 1.0]
35.0,0.0,244.1401, [1.0, 0.0, 0.0, 0.0, 1.0, 0.0, 0.0, 0.0, 1.0]
35.0,0.0,244.36154, [1.0, 0.0, 0.0, 0.0, 1.0, 0.0, 0.0, 0.0, 1.0]
35.0,0.0,244.57884, [1.0, 0.0, 0.0, 0.0, 1.0, 0.0, 0.0, 0.0, 1.0]
35.000736,0.0,244.8667, [0.9999958, 0.0, -0.0028836716, 0.0, 1.0, 0.0, 0.0028836716, 0.0, 0.9999958]
35.002953,0.0,245.16919, [0.9999689, 0.0, -0.007886924, 0.0, 1.0, 0.0, 0.007886924, 0.0, 0.9999689]
35.007404,0.0,245.4792, [0.9998848, 0.0, -0.0151768755, 0.0, 1.0, 0.0, 0.0151768755, 0.0, 0.9998848]
35.0143,0.0,245.79729, [0.99974704, 0.0, -0.022490142, 0.0, 1.0, 0.0, 0.022490142, 0.0, 0.99974704]
35.024147,0.0,246.10843, [0.9994623, 0.0, -0.032786723, 0.0, 1.0, 0.0, 0.032786723, 0.0, 0.9994623]
35.03736,0.0,246.4143, [0.9990125, 0.0, -0.044430025, 0.0, 1.0, 0.0, 0.044430025, 0.0, 0.9990125]
35.055252,0.0,246.73792, [0.99840325, 0.0, -0.056487884, 0.0, 1.0, 0.0, 0.056487884, 0.0, 0.99840325]
35.077774,0.0,247.07144, [0.99764174, 0.0, -0.06863557, 0.0, 1.0, 0.0, 0.06863557, 0.0, 0.99764174]
35.10664,0.0,247.43243, [0.9967224, 0.0, -0.08089778, 0.0, 1.0, 0.0, 0.08089778, 0.0, 0.9967224]
35.13787,0.0,247.76839, [0.9955702, 0.0, -0.09402172, 0.0, 1.0, 0.0, 0.09402172, 0.0, 0.9955702]
35.169846,0.0,248.07498, [0.9944923, 0.0, -0.10480985, 0.0, 1.0, 0.0, 0.10480985, 0.0, 0.9944923]
35.210384,0.0,248.42297, [0.99314326, 0.0, -0.116904244, 0.0, 1.0, 0.0, 0.116904244, 0.0, 0.99314326]
35.25604,0.0,248.77734, [0.99165046, 0.0, -0.12895516, 0.0, 1.0, 0.0, 0.12895516, 0.0, 0.99165046]
35.306263,0.0,249.13275, [0.9899943, 0.0, -0.14110796, 0.0, 1.0, 0.0, 0.14110796, 0.0, 0.9899943]
35.36076,0.0,249.48752, [0.98823285, 0.0, -0.15295738, 0.0, 1.0, 0.0, 0.15295738, 0.0, 0.98823285]
35.42093,0.0,249.8499, [0.9863045, 0.0, -0.1649351, 0.0, 1.0, 0.0, 0.1649351, 0.0, 0.9863045]
35.485943,0.0,250.2141, [0.98423827, 0.0, -0.17684834, 0.0, 1.0, 0.0, 0.17684834, 0.0, 0.98423827]
35.557114,0.0,250.58669, [0.98203504, 0.0, -0.18869938, 0.0, 1.0, 0.0, 0.18869938, 0.0, 0.98203504]
35.634068,0.0,250.96439, [0.97964364, 0.0, -0.20074518, 0.0, 1.0, 0.0, 0.20074518, 0.0, 0.97964364]
35.71573,0.0,251.3418, [0.9771532, 0.0, -0.21253702, 0.0, 1.0, 0.0, 0.21253702, 0.0, 0.9771532]
35.801704,0.0,251.72313, [0.97535145, 0.0, -0.22065787, 0.0, 1.0, 0.0, 0.22065787, 0.0, 0.97535145]
35.873688,0.0,252.0413, [0.97535145, 0.0, -0.22065787, 0.0, 1.0, 0.0, 0.22065787, 0.0, 0.97535145]
35.949333,0.0,252.37567, [0.97535145, 0.0, -0.22065787, 0.0, 1.0, 0.0, 0.22065787, 0.0, 0.97535145]
36.02321,0.0,252.70222, [0.97535145, 0.0, -0.22065787, 0.0, 1.0, 0.0, 0.22065787, 0.0, 0.97535145]
36.09582,0.0,253.0232, [0.97535145, 0.0, -0.22065787, 0.0, 1.0, 0.0, 0.22065787, 0.0, 0.97535145]
36.172665,0.0,253.36285, [0.97535145, 0.0, -0.22065787, 0.0, 1.0, 0.0, 0.22065787, 0.0, 0.97535145]
36.249687,0.0,253.70331, [0.97535145, 0.0, -0.22065787, 0.0, 1.0, 0.0, 0.22065787, 0.0, 0.97535145]
36.328785,0.0,254.05293, [0.97535145, 0.0, -0.22065787, 0.0, 1.0, 0.0, 0.22065787, 0.0, 0.97535145]
36.402744,0.0,254.37985, [0.97535145, 0.0, -0.22065787, 0.0, 1.0, 0.0, 0.22065787, 0.0, 0.97535145]
36.478294,0.0,254.71379, [0.97535145, 0.0, -0.22065787, 0.0, 1.0, 0.0, 0.22065787, 0.0, 0.97535145]
36.55538,0.0,255.05453, [0.97535145, 0.0, -0.22065787, 0.0, 1.0, 0.0, 0.22065787, 0.0, 0.97535145]
36.633205,0.0,255.39853, [0.97535145, 0.0, -0.22065787, 0.0, 1.0, 0.0, 0.22065787, 0.0, 0.97535145]
36.710873,0.0,255.74182, [0.97535145, 0.0, -0.22065787, 0.0, 1.0, 0.0, 0.22065787, 0.0, 0.97535145]
36.784958,0.0,256.0693, [0.97535145, 0.0, -0.22065787, 0.0, 1.0, 0.0, 0.22065787, 0.0, 0.97535145]
36.861824,0.0,256.40906, [0.97535145, 0.0, -0.22065787, 0.0, 1.0, 0.0, 0.22065787, 0.0, 0.97535145]
36.93826,0.0,256.74692, [0.97535145, 0.0, -0.22065787, 0.0, 1.0, 0.0, 0.22065787, 0.0, 0.97535145]
37.01624,0.0,257.09158, [0.97535145, 0.0, -0.22065787, 0.0, 1.0, 0.0, 0.22065787, 0.0, 0.97535145]
37.09449,0.0,257.43747, [0.97535145, 0.0, -0.22065787, 0.0, 1.0, 0.0, 0.22065787, 0.0, 0.97535145]
37.16795,0.0,257.76218, [0.97535145, 0.0, -0.22065787, 0.0, 1.0, 0.0, 0.22065787, 0.0, 0.97535145]
37.244953,0.0,258.10254, [0.97535145, 0.0, -0.22065787, 0.0, 1.0, 0.0, 0.22065787, 0.0, 0.97535145]
37.321594,0.0,258.4413, [0.97535145, 0.0, -0.22065787, 0.0, 1.0, 0.0, 0.22065787, 0.0, 0.97535145]
37.400272,0.0,258.7891, [0.97535145, 0.0, -0.22065787, 0.0, 1.0, 0.0, 0.22065787, 0.0, 0.97535145]
37.4748,0.0,259.11853, [0.97535145, 0.0, -0.22065787, 0.0, 1.0, 0.0, 0.22065787, 0.0, 0.97535145]
37.551155,0.0,259.45605, [0.97535145, 0.0, -0.22065787, 0.0, 1.0, 0.0, 0.22065787, 0.0, 0.97535145]
37.628014,0.0,259.79578, [0.97535145, 0.0, -0.22065787, 0.0, 1.0, 0.0, 0.22065787, 0.0, 0.97535145]
37.70442,0.0,260.1335, [0.97535145, 0.0, -0.22065787, 0.0, 1.0, 0.0, 0.22065787, 0.0, 0.97535145]
37.78372,0.0,260.48404, [0.97535145, 0.0, -0.22065787, 0.0, 1.0, 0.0, 0.22065787, 0.0, 0.97535145]
37.857826,0.0,260.8116, [0.97535145, 0.0, -0.22065787, 0.0, 1.0, 0.0, 0.22065787, 0.0, 0.97535145]
37.934418,0.0,261.15015, [0.97535145, 0.0, -0.22065787, 0.0, 1.0, 0.0, 0.22065787, 0.0, 0.97535145]
38.0109,0.0,261.4882, [0.97535145, 0.0, -0.22065787, 0.0, 1.0, 0.0, 0.22065787, 0.0, 0.97535145]
38.08935,0.0,261.83496, [0.97535145, 0.0, -0.22065787, 0.0, 1.0, 0.0, 0.22065787, 0.0, 0.97535145]
38.16661,0.0,262.17645, [0.97535145, 0.0, -0.22065787, 0.0, 1.0, 0.0, 0.22065787, 0.0, 0.97535145]
38.24097,0.0,262.50513, [0.97535145, 0.0, -0.22065787, 0.0, 1.0, 0.0, 0.22065787, 0.0, 0.97535145]
38.318127,0.0,262.8462, [0.97535145, 0.0, -0.22065787, 0.0, 1.0, 0.0, 0.22065787, 0.0, 0.97535145]
38.394337,0.0,263.18304, [0.97535145, 0.0, -0.22065787, 0.0, 1.0, 0.0, 0.22065787, 0.0, 0.97535145]
38.471657,0.0,263.5248, [0.97535145, 0.0, -0.22065787, 0.0, 1.0, 0.0, 0.22065787, 0.0, 0.97535145]
38.549557,0.0,263.86914, [0.97535145, 0.0, -0.22065787, 0.0, 1.0, 0.0, 0.22065787, 0.0, 0.97535145]
38.624657,0.0,264.2011, [0.97535145, 0.0, -0.22065787, 0.0, 1.0, 0.0, 0.22065787, 0.0, 0.97535145]
38.700718,0.0,264.53732, [0.97535145, 0.0, -0.22065787, 0.0, 1.0, 0.0, 0.22065787, 0.0, 0.97535145]
38.777428,0.0,264.8764, [0.97535145, 0.0, -0.22065787, 0.0, 1.0, 0.0, 0.22065787, 0.0, 0.97535145]
38.8566,0.0,265.22635, [0.97535145, 0.0, -0.22065787, 0.0, 1.0, 0.0, 0.22065787, 0.0, 0.97535145]
38.934536,0.0,265.57083, [0.97535145, 0.0, -0.22065787, 0.0, 1.0, 0.0, 0.22065787, 0.0, 0.97535145]
39.00705,0.0,265.89136, [0.97535145, 0.0, -0.22065787, 0.0, 1.0, 0.0, 0.22065787, 0.0, 0.97535145]
39.083725,0.0,266.2303, [0.97535145, 0.0, -0.22065787, 0.0, 1.0, 0.0, 0.22065787, 0.0, 0.97535145]
39.16016,0.0,266.56815, [0.97535145, 0.0, -0.22065787, 0.0, 1.0, 0.0, 0.22065787, 0.0, 0.97535145]
39.23748,0.0,266.9099, [0.97535145, 0.0, -0.22065787, 0.0, 1.0, 0.0, 0.22065787, 0.0, 0.97535145]
39.317535,0.0,267.26376, [0.97535145, 0.0, -0.22065787, 0.0, 1.0, 0.0, 0.22065787, 0.0, 0.97535145]
39.38984,0.0,267.58337, [0.97535145, 0.0, -0.22065787, 0.0, 1.0, 0.0, 0.22065787, 0.0, 0.97535145]
39.466095,0.0,267.92044, [0.97535145, 0.0, -0.22065787, 0.0, 1.0, 0.0, 0.22065787, 0.0, 0.97535145]
39.543148,0.0,268.26102, [0.97535145, 0.0, -0.22065787, 0.0, 1.0, 0.0, 0.22065787, 0.0, 0.97535145]
39.620617,0.0,268.60342, [0.97535145, 0.0, -0.22065787, 0.0, 1.0, 0.0, 0.22065787, 0.0, 0.97535145]
39.69951,0.0,268.95215, [0.97535145, 0.0, -0.22065787, 0.0, 1.0, 0.0, 0.22065787, 0.0, 0.97535145]
39.772476,0.0,269.2747, [0.97535145, 0.0, -0.22065787, 0.0, 1.0, 0.0, 0.22065787, 0.0, 0.97535145]
39.84918,0.0,269.6137, [0.97535145, 0.0, -0.22065787, 0.0, 1.0, 0.0, 0.22065787, 0.0, 0.97535145]
39.926117,0.0,269.9538, [0.97535145, 0.0, -0.22065787, 0.0, 1.0, 0.0, 0.22065787, 0.0, 0.97535145]
40.003754,0.0,270.29697, [0.97535145, 0.0, -0.22065787, 0.0, 1.0, 0.0, 0.22065787, 0.0, 0.97535145]
40.079086,0.0,270.62994, [0.97535145, 0.0, -0.22065787, 0.0, 1.0, 0.0, 0.22065787, 0.0, 0.97535145]
40.155346,0.0,270.967, [0.97535145, 0.0, -0.22065787, 0.0, 1.0, 0.0, 0.22065787, 0.0, 0.97535145]
40.23303,0.0,271.3104, [0.97535145, 0.0, -0.22065787, 0.0, 1.0, 0.0, 0.22065787, 0.0, 0.97535145]
40.309795,0.0,271.64972, [0.97535145, 0.0, -0.22065787, 0.0, 1.0, 0.0, 0.22065787, 0.0, 0.97535145]
40.387726,0.0,271.99417, [0.97535145, 0.0, -0.22065787, 0.0, 1.0, 0.0, 0.22065787, 0.0, 0.97535145]
40.463116,0.0,272.32742, [0.97535145, 0.0, -0.22065787, 0.0, 1.0, 0.0, 0.22065787, 0.0, 0.97535145]
40.5387,0.0,272.66153, [0.97535145, 0.0, -0.22065787, 0.0, 1.0, 0.0, 0.22065787, 0.0, 0.97535145]
40.61575,0.0,273.0021, [0.97535145, 0.0, -0.22065787, 0.0, 1.0, 0.0, 0.22065787, 0.0, 0.97535145]
40.692814,0.0,273.34274, [0.97535145, 0.0, -0.22065787, 0.0, 1.0, 0.0, 0.22065787, 0.0, 0.97535145]
40.77186,0.0,273.69214, [0.97535145, 0.0, -0.22065787, 0.0, 1.0, 0.0, 0.22065787, 0.0, 0.97535145]
40.84561,0.0,274.01813, [0.97535145, 0.0, -0.22065787, 0.0, 1.0, 0.0, 0.22065787, 0.0, 0.97535145]
40.92167,0.0,274.3543, [0.97535145, 0.0, -0.22065787, 0.0, 1.0, 0.0, 0.22065787, 0.0, 0.97535145]
40.99826,0.0,274.69284, [0.97535145, 0.0, -0.22065787, 0.0, 1.0, 0.0, 0.22065787, 0.0, 0.97535145]
41.076275,0.0,275.0377, [0.97535145, 0.0, -0.22065787, 0.0, 1.0, 0.0, 0.22065787, 0.0, 0.97535145]
41.153744,0.0,275.38013, [0.97535145, 0.0, -0.22065787, 0.0, 1.0, 0.0, 0.22065787, 0.0, 0.97535145]
41.22819,0.0,275.7092, [0.97535145, 0.0, -0.22065787, 0.0, 1.0, 0.0, 0.22065787, 0.0, 0.97535145]
41.304943,0.0,276.04846, [0.97535145, 0.0, -0.22065787, 0.0, 1.0, 0.0, 0.22065787, 0.0, 0.97535145]
41.381435,0.0,276.38657, [0.97535145, 0.0, -0.22065787, 0.0, 1.0, 0.0, 0.22065787, 0.0, 0.97535145]
41.460815,0.0,276.73743, [0.97535145, 0.0, -0.22065787, 0.0, 1.0, 0.0, 0.22065787, 0.0, 0.97535145]
41.535286,0.0,277.0666, [0.97535145, 0.0, -0.22065787, 0.0, 1.0, 0.0, 0.22065787, 0.0, 0.97535145]
41.61113,0.0,277.40182, [0.97535145, 0.0, -0.22065787, 0.0, 1.0, 0.0, 0.22065787, 0.0, 0.97535145]
41.688072,0.0,277.7419, [0.97535145, 0.0, -0.22065787, 0.0, 1.0, 0.0, 0.22065787, 0.0, 0.97535145]
41.76544,0.0,278.0839, [0.97535145, 0.0, -0.22065787, 0.0, 1.0, 0.0, 0.22065787, 0.0, 0.97535145]
41.843887,0.0,278.43063, [0.97535145, 0.0, -0.22065787, 0.0, 1.0, 0.0, 0.22065787, 0.0, 0.97535145]
41.919353,0.0,278.76422, [0.97535145, 0.0, -0.22065787, 0.0, 1.0, 0.0, 0.22065787, 0.0, 0.97535145]
41.995434,0.0,279.1005, [0.97535145, 0.0, -0.22065787, 0.0, 1.0, 0.0, 0.22065787, 0.0, 0.97535145]
42.07242,0.0,279.4408, [0.97535145, 0.0, -0.22065787, 0.0, 1.0, 0.0, 0.22065787, 0.0, 0.97535145]
42.148476,0.0,279.77698, [0.97535145, 0.0, -0.22065787, 0.0, 1.0, 0.0, 0.22065787, 0.0, 0.97535145]
42.228035,0.0,280.12866, [0.97535145, 0.0, -0.22065787, 0.0, 1.0, 0.0, 0.22065787, 0.0, 0.97535145]
42.301266,0.0,280.45236, [0.97535145, 0.0, -0.22065787, 0.0, 1.0, 0.0, 0.22065787, 0.0, 0.97535145]
42.37876,0.0,280.79492, [0.97535145, 0.0, -0.22065787, 0.0, 1.0, 0.0, 0.22065787, 0.0, 0.97535145]
42.45587,0.0,281.13577, [0.97535145, 0.0, -0.22065787, 0.0, 1.0, 0.0, 0.22065787, 0.0, 0.97535145]
42.5322,0.0,281.47314, [0.97535145, 0.0, -0.22065787, 0.0, 1.0, 0.0, 0.22065787, 0.0, 0.97535145]
42.610237,0.0,281.81808, [0.97535145, 0.0, -0.22065787, 0.0, 1.0, 0.0, 0.22065787, 0.0, 0.97535145]
42.684505,0.0,282.14636, [0.97535145, 0.0, -0.22065787, 0.0, 1.0, 0.0, 0.22065787, 0.0, 0.97535145]
42.76098,0.0,282.4844, [0.97535145, 0.0, -0.22065787, 0.0, 1.0, 0.0, 0.22065787, 0.0, 0.97535145]
42.838856,0.0,282.82864, [0.97535145, 0.0, -0.22065787, 0.0, 1.0, 0.0, 0.22065787, 0.0, 0.97535145]
42.915874,0.0,283.16907, [0.97535145, 0.0, -0.22065787, 0.0, 1.0, 0.0, 0.22065787, 0.0, 0.97535145]
42.993103,0.0,283.51044, [0.97535145, 0.0, -0.22065787, 0.0, 1.0, 0.0, 0.22065787, 0.0, 0.97535145]
43.067406,0.0,283.83887, [0.97535145, 0.0, -0.22065787, 0.0, 1.0, 0.0, 0.22065787, 0.0, 0.97535145]
43.144314,0.0,284.1788, [0.97535145, 0.0, -0.22065787, 0.0, 1.0, 0.0, 0.22065787, 0.0, 0.97535145]
43.221783,0.0,284.52124, [0.97535145, 0.0, -0.22065787, 0.0, 1.0, 0.0, 0.22065787, 0.0, 0.97535145]
43.29899,0.0,284.86252, [0.97535145, 0.0, -0.22065787, 0.0, 1.0, 0.0, 0.22065787, 0.0, 0.97535145]
43.37779,0.0,285.21085, [0.97535145, 0.0, -0.22065787, 0.0, 1.0, 0.0, 0.22065787, 0.0, 0.97535145]
43.45064,0.0,285.53287, [0.97535145, 0.0, -0.22065787, 0.0, 1.0, 0.0, 0.22065787, 0.0, 0.97535145]
43.52693,0.0,285.8701, [0.97535145, 0.0, -0.22065787, 0.0, 1.0, 0.0, 0.22065787, 0.0, 0.97535145]
43.603584,0.0,286.2089, [0.97535145, 0.0, -0.22065787, 0.0, 1.0, 0.0, 0.22065787, 0.0, 0.97535145]
43.681503,0.0,286.5533, [0.97535145, 0.0, -0.22065787, 0.0, 1.0, 0.0, 0.22065787, 0.0, 0.97535145]
43.758858,0.0,286.89523, [0.97535145, 0.0, -0.22065787, 0.0, 1.0, 0.0, 0.22065787, 0.0, 0.97535145]
43.833233,0.0,287.224, [0.97535145, 0.0, -0.22065787, 0.0, 1.0, 0.0, 0.22065787, 0.0, 0.97535145]
43.909985,0.0,287.56326, [0.97535145, 0.0, -0.22065787, 0.0, 1.0, 0.0, 0.22065787, 0.0, 0.97535145]
43.987553,0.0,287.90613, [0.97535145, 0.0, -0.22065787, 0.0, 1.0, 0.0, 0.22065787, 0.0, 0.97535145]
44.06416,0.0,288.24475, [0.97535145, 0.0, -0.22065787, 0.0, 1.0, 0.0, 0.22065787, 0.0, 0.97535145]
44.142704,0.0,288.59192, [0.97535145, 0.0, -0.22065787, 0.0, 1.0, 0.0, 0.22065787, 0.0, 0.97535145]
44.216755,0.0,288.91925, [0.97535145, 0.0, -0.22065787, 0.0, 1.0, 0.0, 0.22065787, 0.0, 0.97535145]
44.293983,0.0,289.26062, [0.97535145, 0.0, -0.22065787, 0.0, 1.0, 0.0, 0.22065787, 0.0, 0.97535145]
44.370148,0.0,289.59726, [0.97535145, 0.0, -0.22065787, 0.0, 1.0, 0.0, 0.22065787, 0.0, 0.97535145]
44.448414,0.0,289.9432, [0.97535145, 0.0, -0.22065787, 0.0, 1.0, 0.0, 0.22065787, 0.0, 0.97535145]
44.523617,0.0,290.2756, [0.97535145, 0.0, -0.22065787, 0.0, 1.0, 0.0, 0.22065787, 0.0, 0.97535145]
44.60014,0.0,290.61386, [0.97535145, 0.0, -0.22065787, 0.0, 1.0, 0.0, 0.22065787, 0.0, 0.97535145]
44.67634,0.0,290.95068, [0.97535145, 0.0, -0.22065787, 0.0, 1.0, 0.0, 0.22065787, 0.0, 0.97535145]
44.753902,0.0,291.29352, [0.97535145, 0.0, -0.22065787, 0.0, 1.0, 0.0, 0.22065787, 0.0, 0.97535145]
44.83123,0.0,291.6353, [0.97535145, 0.0, -0.22065787, 0.0, 1.0, 0.0, 0.22065787, 0.0, 0.97535145]
44.90638,0.0,291.9675, [0.97535145, 0.0, -0.22065787, 0.0, 1.0, 0.0, 0.22065787, 0.0, 0.97535145]
44.98272,0.0,292.30493, [0.97535145, 0.0, -0.22065787, 0.0, 1.0, 0.0, 0.22065787, 0.0, 0.97535145]
45.05924,0.0,292.64316, [0.97535145, 0.0, -0.22065787, 0.0, 1.0, 0.0, 0.22065787, 0.0, 0.97535145]
45.13749,0.0,292.98904, [0.97535145, 0.0, -0.22065787, 0.0, 1.0, 0.0, 0.22065787, 0.0, 0.97535145]
45.215275,0.0,293.3329, [0.97535145, 0.0, -0.22065787, 0.0, 1.0, 0.0, 0.22065787, 0.0, 0.97535145]
45.28915,0.0,293.65942, [0.97535145, 0.0, -0.22065787, 0.0, 1.0, 0.0, 0.22065787, 0.0, 0.97535145]
45.36631,0.0,294.0005, [0.97535145, 0.0, -0.22065787, 0.0, 1.0, 0.0, 0.22065787, 0.0, 0.97535145]
45.442715,0.0,294.33823, [0.97535145, 0.0, -0.22065787, 0.0, 1.0, 0.0, 0.22065787, 0.0, 0.97535145]
45.520504,0.0,294.68207, [0.97535145, 0.0, -0.22065787, 0.0, 1.0, 0.0, 0.22065787, 0.0, 0.97535145]
45.59776,0.0,295.02356, [0.97535145, 0.0, -0.22065787, 0.0, 1.0, 0.0, 0.22065787, 0.0, 0.97535145]
45.67441,0.0,295.36237, [0.97535145, 0.0, -0.22065787, 0.0, 1.0, 0.0, 0.22065787, 0.0, 0.97535145]
45.749737,0.0,295.6953, [0.97535145, 0.0, -0.22065787, 0.0, 1.0, 0.0, 0.22065787, 0.0, 0.97535145]
45.825924,0.0,296.03207, [0.97535145, 0.0, -0.22065787, 0.0, 1.0, 0.0, 0.22065787, 0.0, 0.97535145]
45.903843,0.0,296.3765, [0.97535145, 0.0, -0.22065787, 0.0, 1.0, 0.0, 0.22065787, 0.0, 0.97535145]
45.980457,0.0,296.71515, [0.97535145, 0.0, -0.22065787, 0.0, 1.0, 0.0, 0.22065787, 0.0, 0.97535145]
46.05581,0.0,297.04822, [0.97535145, 0.0, -0.22065787, 0.0, 1.0, 0.0, 0.22065787, 0.0, 0.97535145]
46.13301,0.0,297.38947, [0.97535145, 0.0, -0.22065787, 0.0, 1.0, 0.0, 0.22065787, 0.0, 0.97535145]
46.20916,0.0,297.72607, [0.97535145, 0.0, -0.22065787, 0.0, 1.0, 0.0, 0.22065787, 0.0, 0.97535145]
46.28557,0.0,298.0638, [0.97535145, 0.0, -0.22065787, 0.0, 1.0, 0.0, 0.22065787, 0.0, 0.97535145]
46.36481,0.0,298.4141, [0.97535145, 0.0, -0.22065787, 0.0, 1.0, 0.0, 0.22065787, 0.0, 0.97535145]
46.438614,0.0,298.74033, [0.97535145, 0.0, -0.22065787, 0.0, 1.0, 0.0, 0.22065787, 0.0, 0.97535145]
46.51527,0.0,299.07916, [0.97535145, 0.0, -0.22065787, 0.0, 1.0, 0.0, 0.22065787, 0.0, 0.97535145]
46.593086,0.0,299.42313, [0.97535145, 0.0, -0.22065787, 0.0, 1.0, 0.0, 0.22065787, 0.0, 0.97535145]
46.668865,0.0,299.7581, [0.97535145, 0.0, -0.22065787, 0.0, 1.0, 0.0, 0.22065787, 0.0, 0.97535145]
46.746284,0.0,300.10028, [0.97535145, 0.0, -0.22065787, 0.0, 1.0, 0.0, 0.22065787, 0.0, 0.97535145]
46.822483,0.0,300.4371, [0.97535145, 0.0, -0.22065787, 0.0, 1.0, 0.0, 0.22065787, 0.0, 0.97535145]
46.8986,0.0,300.77356, [0.97535145, 0.0, -0.22065787, 0.0, 1.0, 0.0, 0.22065787, 0.0, 0.97535145]
46.976315,0.0,301.11707, [0.97535145, 0.0, -0.22065787, 0.0, 1.0, 0.0, 0.22065787, 0.0, 0.97535145]
47.055706,0.0,301.468, [0.97535145, 0.0, -0.22065787, 0.0, 1.0, 0.0, 0.22065787, 0.0, 0.97535145]
47.128323,0.0,301.78897, [0.97535145, 0.0, -0.22065787, 0.0, 1.0, 0.0, 0.22065787, 0.0, 0.97535145]
47.20505,0.0,302.12814, [0.97535145, 0.0, -0.22065787, 0.0, 1.0, 0.0, 0.22065787, 0.0, 0.97535145]
47.28162,0.0,302.46658, [0.97535145, 0.0, -0.22065787, 0.0, 1.0, 0.0, 0.22065787, 0.0, 0.97535145]
47.360775,0.0,302.81647, [0.97535145, 0.0, -0.22065787, 0.0, 1.0, 0.0, 0.22065787, 0.0, 0.97535145]
47.435246,0.0,303.14563, [0.97535145, 0.0, -0.22065787, 0.0, 1.0, 0.0, 0.22065787, 0.0, 0.97535145]
47.511547,0.0,303.48288, [0.97535145, 0.0, -0.22065787, 0.0, 1.0, 0.0, 0.22065787, 0.0, 0.97535145]
47.58871,0.0,303.82394, [0.97535145, 0.0, -0.22065787, 0.0, 1.0, 0.0, 0.22065787, 0.0, 0.97535145]
47.665,0.0,304.16116, [0.97535145, 0.0, -0.22065787, 0.0, 1.0, 0.0, 0.22065787, 0.0, 0.97535145]
47.7428,0.0,304.50507, [0.97535145, 0.0, -0.22065787, 0.0, 1.0, 0.0, 0.22065787, 0.0, 0.97535145]
47.821976,0.0,304.85504, [0.97535145, 0.0, -0.22065787, 0.0, 1.0, 0.0, 0.22065787, 0.0, 0.97535145]
47.8948,0.0,305.17694, [0.97535145, 0.0, -0.22065787, 0.0, 1.0, 0.0, 0.22065787, 0.0, 0.97535145]
47.97064,0.0,305.51218, [0.97535145, 0.0, -0.22065787, 0.0, 1.0, 0.0, 0.22065787, 0.0, 0.97535145]
48.046955,0.0,305.84952, [0.97535145, 0.0, -0.22065787, 0.0, 1.0, 0.0, 0.22065787, 0.0, 0.97535145]
48.124996,0.0,306.19446, [0.97535145, 0.0, -0.22065787, 0.0, 1.0, 0.0, 0.22065787, 0.0, 0.97535145]
48.20219,0.0,306.53568, [0.97535145, 0.0, -0.22065787, 0.0, 1.0, 0.0, 0.22065787, 0.0, 0.97535145]
48.277134,0.0,306.86694, [0.97535145, 0.0, -0.22065787, 0.0, 1.0, 0.0, 0.22065787, 0.0, 0.97535145]
48.353874,0.0,307.20615, [0.97535145, 0.0, -0.22065787, 0.0, 1.0, 0.0, 0.22065787, 0.0, 0.97535145]
48.430103,0.0,307.5431, [0.97535145, 0.0, -0.22065787, 0.0, 1.0, 0.0, 0.22065787, 0.0, 0.97535145]
48.509586,0.0,307.89444, [0.97535145, 0.0, -0.22065787, 0.0, 1.0, 0.0, 0.22065787, 0.0, 0.97535145]
48.58356,0.0,308.22144, [0.97535145, 0.0, -0.22065787, 0.0, 1.0, 0.0, 0.22065787, 0.0, 0.97535145]
48.660065,0.0,308.5596, [0.97535145, 0.0, -0.22065787, 0.0, 1.0, 0.0, 0.22065787, 0.0, 0.97535145]
48.736782,0.0,308.8987, [0.97535145, 0.0, -0.22065787, 0.0, 1.0, 0.0, 0.22065787, 0.0, 0.97535145]
48.813473,0.0,309.2377, [0.97535145, 0.0, -0.22065787, 0.0, 1.0, 0.0, 0.22065787, 0.0, 0.97535145]
48.892338,0.0,309.5863, [0.97535145, 0.0, -0.22065787, 0.0, 1.0, 0.0, 0.22065787, 0.0, 0.97535145]
48.966602,0.0,309.91458, [0.97535145, 0.0, -0.22065787, 0.0, 1.0, 0.0, 0.22065787, 0.0, 0.97535145]
49.043213,0.0,310.2532, [0.97535145, 0.0, -0.22065787, 0.0, 1.0, 0.0, 0.22065787, 0.0, 0.97535145]
49.119896,0.0,310.59216, [0.97535145, 0.0, -0.22065787, 0.0, 1.0, 0.0, 0.22065787, 0.0, 0.97535145]
49.19738,0.0,310.93466, [0.97535145, 0.0, -0.22065787, 0.0, 1.0, 0.0, 0.22065787, 0.0, 0.97535145]
49.27608,0.0,311.28253, [0.97535145, 0.0, -0.22065787, 0.0, 1.0, 0.0, 0.22065787, 0.0, 0.97535145]
49.350063,0.0,311.60956, [0.97535145, 0.0, -0.22065787, 0.0, 1.0, 0.0, 0.22065787, 0.0, 0.97535145]
49.42628,0.0,311.94647, [0.97535145, 0.0, -0.22065787, 0.0, 1.0, 0.0, 0.22065787, 0.0, 0.97535145]
49.5031,0.0,312.28604, [0.97535145, 0.0, -0.22065787, 0.0, 1.0, 0.0, 0.22065787, 0.0, 0.97535145]
49.581135,0.0,312.63098, [0.97535145, 0.0, -0.22065787, 0.0, 1.0, 0.0, 0.22065787, 0.0, 0.97535145]
49.658653,0.0,312.97363, [0.97535145, 0.0, -0.22065787, 0.0, 1.0, 0.0, 0.22065787, 0.0, 0.97535145]
49.733055,0.0,313.30252, [0.97535145, 0.0, -0.22065787, 0.0, 1.0, 0.0, 0.22065787, 0.0, 0.97535145]
49.81012,0.0,313.64316, [0.97535145, 0.0, -0.22065787, 0.0, 1.0, 0.0, 0.22065787, 0.0, 0.97535145]
49.88599,0.0,313.97852, [0.97535145, 0.0, -0.22065787, 0.0, 1.0, 0.0, 0.22065787, 0.0, 0.97535145]
49.964172,0.0,314.3241, [0.97535145, 0.0, -0.22065787, 0.0, 1.0, 0.0, 0.22065787, 0.0, 0.97535145]
50.04331,0.0,314.6739, [0.97535145, 0.0, -0.22065787, 0.0, 1.0, 0.0, 0.22065787, 0.0, 0.97535145]
50.11666,0.0,314.9981, [0.97535145, 0.0, -0.22065787, 0.0, 1.0, 0.0, 0.22065787, 0.0, 0.97535145]
50.208275,0.0,315.39825, [0.97472984, 0.0, -0.22338781, 0.0, 1.0, 0.0, 0.22338781, 0.0, 0.97472984]
50.30251,0.0,315.80447, [0.9740785, 0.0, -0.2262112, 0.0, 1.0, 0.0, 0.2262112, 0.0, 0.9740785]
50.400993,0.0,316.21835, [0.972727, 0.0, -0.23195386, 0.0, 1.0, 0.0, 0.23195386, 0.0, 0.972727]
50.50206,0.0,316.62732, [0.9706137, 0.0, -0.24064362, 0.0, 1.0, 0.0, 0.24064362, 0.0, 0.9706137]
50.60227,0.0,317.01807, [0.96845853, 0.0, -0.24917527, 0.0, 1.0, 0.0, 0.24917527, 0.0, 0.96845853]
50.710636,0.0,317.4224, [0.9656826, 0.0, -0.2597255, 0.0, 1.0, 0.0, 0.2597255, 0.0, 0.9656826]
50.822235,0.0,317.8195, [0.96241933, 0.0, -0.271568, 0.0, 1.0, 0.0, 0.271568, 0.0, 0.96241933]
50.94193,0.0,318.22653, [0.959108, 0.0, -0.28304058, 0.0, 1.0, 0.0, 0.28304058, 0.0, 0.959108]
51.06665,0.0,318.6321, [0.9555185, 0.0, -0.29493147, 0.0, 1.0, 0.0, 0.29493147, 0.0, 0.9555185]
51.190983,0.0,319.01938, [0.95181054, 0.0, -0.30668694, 0.0, 1.0, 0.0, 0.30668694, 0.0, 0.95181054]
51.321827,0.0,319.41095, [0.94814694, 0.0, -0.31783268, 0.0, 1.0, 0.0, 0.31783268, 0.0, 0.94814694]
51.458305,0.0,319.80365, [0.94424367, 0.0, -0.32924768, 0.0, 1.0, 0.0, 0.32924768, 0.0, 0.94424367]
51.60202,0.0,320.2015, [0.9401915, 0.0, -0.34064636, 0.0, 1.0, 0.0, 0.34064636, 0.0, 0.9401915]
51.749657,0.0,320.595, [0.9359141, 0.0, -0.35222816, 0.0, 1.0, 0.0, 0.35222816, 0.0, 0.9359141]
51.897923,0.0,320.976, [0.93154687, 0.0, -0.36362112, 0.0, 1.0, 0.0, 0.36362112, 0.0, 0.93154687]
52.05276,0.0,321.3603, [0.92718, 0.0, -0.37461594, 0.0, 1.0, 0.0, 0.37461594, 0.0, 0.92718]
52.21381,0.0,321.74652, [0.92258096, 0.0, -0.3858033, 0.0, 1.0, 0.0, 0.3858033, 0.0, 0.92258096]
52.383793,0.0,322.14056, [0.9178109, 0.0, -0.39701742, 0.0, 1.0, 0.0, 0.39701742, 0.0, 0.9178109]
52.550053,0.0,322.51315, [0.9127597, 0.0, -0.40849653, 0.0, 1.0, 0.0, 0.40849653, 0.0, 0.9127597]
52.722572,0.0,322.8878, [0.90790397, 0.0, -0.41917786, 0.0, 1.0, 0.0, 0.41917786, 0.0, 0.90790397]
52.90098,0.0,323.26324, [0.90278745, 0.0, -0.43008655, 0.0, 1.0, 0.0, 0.43008655, 0.0, 0.90278745]
53.085995,0.0,323.64075, [0.8975174, 0.0, -0.44097865, 0.0, 1.0, 0.0, 0.44097865, 0.0, 0.8975174]
53.276203,0.0,324.01715, [0.8920463, 0.0, -0.45194358, 0.0, 1.0, 0.0, 0.45194358, 0.0, 0.8920463]
53.466885,0.0,324.38327, [0.8864343, 0.0, -0.46285382, 0.0, 1.0, 0.0, 0.46285382, 0.0, 0.8864343]
53.66128,0.0,324.74585, [0.88083786, 0.0, -0.47341746, 0.0, 1.0, 0.0, 0.47341746, 0.0, 0.88083786]
53.86217,0.0,325.1116, [0.8761005, 0.0, -0.48212785, 0.0, 1.0, 0.0, 0.48212785, 0.0, 0.8761005]
54.06598,0.0,325.4752, [0.87195754, 0.0, -0.4895808, 0.0, 1.0, 0.0, 0.4895808, 0.0, 0.87195754]
54.2762,0.0,325.84283, [0.8677709, 0.0, -0.4969638, 0.0, 1.0, 0.0, 0.4969638, 0.0, 0.8677709]
54.484394,0.0,326.20026, [0.86375594, 0.0, -0.5039097, 0.0, 1.0, 0.0, 0.5039097, 0.0, 0.86375594]
54.695045,0.0,326.55563, [0.8598874, 0.0, -0.510483, 0.0, 1.0, 0.0, 0.510483, 0.0, 0.8598874]
54.910545,0.0,326.9129, [0.8559492, 0.0, -0.51705915, 0.0, 1.0, 0.0, 0.51705915, 0.0, 0.8559492]
55.130844,0.0,327.27197, [0.8520259, 0.0, -0.52349883, 0.0, 1.0, 0.0, 0.52349883, 0.0, 0.8520259]
55.35838,0.0,327.63718, [0.84844226, 0.0, -0.5292872, 0.0, 1.0, 0.0, 0.5292872, 0.0, 0.84844226]
55.57248,0.0,327.9766, [0.8455232, 0.0, -0.53393793, 0.0, 1.0, 0.0, 0.53393793, 0.0, 0.8455232]
55.794342,0.0,328.32437, [0.8428304, 0.0, -0.53817844, 0.0, 1.0, 0.0, 0.53817844, 0.0, 0.8428304]
56.01966,0.0,328.67508, [0.8411873, 0.0, -0.540743, 0.0, 1.0, 0.0, 0.540743, 0.0, 0.8411873]
56.209866,0.0,328.97095, [0.8411873, 0.0, -0.540743, 0.0, 1.0, 0.0, 0.540743, 0.0, 0.8411873]
56.39847,0.0,329.26434, [0.8411873, 0.0, -0.540743, 0.0, 1.0, 0.0, 0.540743, 0.0, 0.8411873]
56.584095,0.0,329.5531, [0.8411873, 0.0, -0.540743, 0.0, 1.0, 0.0, 0.540743, 0.0, 0.8411873]
56.770718,0.0,329.8434, [0.8411873, 0.0, -0.540743, 0.0, 1.0, 0.0, 0.540743, 0.0, 0.8411873]
56.958523,0.0,330.13556, [0.8411873, 0.0, -0.540743, 0.0, 1.0, 0.0, 0.540743, 0.0, 0.8411873]
57.150303,0.0,330.4339, [0.8411873, 0.0, -0.540743, 0.0, 1.0, 0.0, 0.540743, 0.0, 0.8411873]
57.340183,0.0,330.72928, [0.8411873, 0.0, -0.540743, 0.0, 1.0, 0.0, 0.540743, 0.0, 0.8411873]
57.521824,0.0,331.01184, [0.8411873, 0.0, -0.540743, 0.0, 1.0, 0.0, 0.540743, 0.0, 0.8411873]
57.710182,0.0,331.30484, [0.8411873, 0.0, -0.540743, 0.0, 1.0, 0.0, 0.540743, 0.0, 0.8411873]
57.897987,0.0,331.597, [0.8411873, 0.0, -0.540743, 0.0, 1.0, 0.0, 0.540743, 0.0, 0.8411873]
58.08831,0.0,331.89307, [0.8411873, 0.0, -0.540743, 0.0, 1.0, 0.0, 0.540743, 0.0, 0.8411873]
58.278908,0.0,332.18958, [0.8411873, 0.0, -0.540743, 0.0, 1.0, 0.0, 0.540743, 0.0, 0.8411873]
58.46142,0.0,332.47348, [0.8411873, 0.0, -0.540743, 0.0, 1.0, 0.0, 0.540743, 0.0, 0.8411873]
58.65027,0.0,332.76727, [0.8411873, 0.0, -0.540743, 0.0, 1.0, 0.0, 0.540743, 0.0, 0.8411873]
58.83885,0.0,333.06064, [0.8411873, 0.0, -0.540743, 0.0, 1.0, 0.0, 0.540743, 0.0, 0.8411873]
59.025505,0.0,333.351, [0.8411873, 0.0, -0.540743, 0.0, 1.0, 0.0, 0.540743, 0.0, 0.8411873]
59.21219,0.0,333.64142, [0.8411873, 0.0, -0.540743, 0.0, 1.0, 0.0, 0.540743, 0.0, 0.8411873]
59.404587,0.0,333.9407, [0.8411873, 0.0, -0.540743, 0.0, 1.0, 0.0, 0.540743, 0.0, 0.8411873]
59.58814,0.0,334.22623, [0.8411873, 0.0, -0.540743, 0.0, 1.0, 0.0, 0.540743, 0.0, 0.8411873]
59.77713,0.0,334.52023, [0.8411873, 0.0, -0.540743, 0.0, 1.0, 0.0, 0.540743, 0.0, 0.8411873]
59.9655,0.0,334.81326, [0.8411873, 0.0, -0.540743, 0.0, 1.0, 0.0, 0.540743, 0.0, 0.8411873]
60.15501,0.0,335.10806, [0.8411873, 0.0, -0.540743, 0.0, 1.0, 0.0, 0.540743, 0.0, 0.8411873]
60.33884,0.0,335.39404, [0.8411873, 0.0, -0.540743, 0.0, 1.0, 0.0, 0.540743, 0.0, 0.8411873]
60.52738,0.0,335.68735, [0.8411873, 0.0, -0.540743, 0.0, 1.0, 0.0, 0.540743, 0.0, 0.8411873]
60.716393,0.0,335.98138, [0.8411873, 0.0, -0.540743, 0.0, 1.0, 0.0, 0.540743, 0.0, 0.8411873]
60.90459,0.0,336.27414, [0.8411873, 0.0, -0.540743, 0.0, 1.0, 0.0, 0.540743, 0.0, 0.8411873]
61.09026,0.0,336.56296, [0.8411873, 0.0, -0.540743, 0.0, 1.0, 0.0, 0.540743, 0.0, 0.8411873]
61.277885,0.0,336.85483, [0.8411873, 0.0, -0.540743, 0.0, 1.0, 0.0, 0.540743, 0.0, 0.8411873]
61.46485,0.0,337.14566, [0.8411873, 0.0, -0.540743, 0.0, 1.0, 0.0, 0.540743, 0.0, 0.8411873]
61.710907,0.0,337.52844, [0.8411873, 0.0, -0.540743, 0.0, 1.0, 0.0, 0.540743, 0.0, 0.8411873]
62.03107,0.0,338.0265, [0.8411873, 0.0, -0.540743, 0.0, 1.0, 0.0, 0.540743, 0.0, 0.8411873]
62.138287,0.0,338.19327, [0.8411873, 0.0, -0.540743, 0.0, 1.0, 0.0, 0.540743, 0.0, 0.8411873]
62.207256,0.0,338.30057, [0.8411873, 0.0, -0.540743, 0.0, 1.0, 0.0, 0.540743, 0.0, 0.8411873]
62.304577,0.0,338.45197, [0.8411873, 0.0, -0.540743, 0.0, 1.0, 0.0, 0.540743, 0.0, 0.8411873]
62.467175,0.0,338.7049, [0.8411873, 0.0, -0.540743, 0.0, 1.0, 0.0, 0.540743, 0.0, 0.8411873]
62.654213,0.0,338.99585, [0.8411873, 0.0, -0.540743, 0.0, 1.0, 0.0, 0.540743, 0.0, 0.8411873]
62.8378,0.0,339.28143, [0.8411873, 0.0, -0.540743, 0.0, 1.0, 0.0, 0.540743, 0.0, 0.8411873]
63.0247,0.0,339.57217, [0.8411873, 0.0, -0.540743, 0.0, 1.0, 0.0, 0.540743, 0.0, 0.8411873]
63.213936,0.0,339.86655, [0.8411873, 0.0, -0.540743, 0.0, 1.0, 0.0, 0.540743, 0.0, 0.8411873]
63.4034,0.0,340.1613, [0.8411873, 0.0, -0.540743, 0.0, 1.0, 0.0, 0.540743, 0.0, 0.8411873]
63.593426,0.0,340.45688, [0.8411873, 0.0, -0.540743, 0.0, 1.0, 0.0, 0.540743, 0.0, 0.8411873]
63.77674,0.0,340.74203, [0.8411873, 0.0, -0.540743, 0.0, 1.0, 0.0, 0.540743, 0.0, 0.8411873]
63.96339,0.0,341.03238, [0.8411873, 0.0, -0.540743, 0.0, 1.0, 0.0, 0.540743, 0.0, 0.8411873]
64.15222,0.0,341.32614, [0.8411873, 0.0, -0.540743, 0.0, 1.0, 0.0, 0.540743, 0.0, 0.8411873]
64.34342,0.0,341.62357, [0.8411873, 0.0, -0.540743, 0.0, 1.0, 0.0, 0.540743, 0.0, 0.8411873]
64.53515,0.0,341.9218, [0.8411873, 0.0, -0.540743, 0.0, 1.0, 0.0, 0.540743, 0.0, 0.8411873]
64.7166,0.0,342.20407, [0.8411873, 0.0, -0.540743, 0.0, 1.0, 0.0, 0.540743, 0.0, 0.8411873]
64.903206,0.0,342.49435, [0.8411873, 0.0, -0.540743, 0.0, 1.0, 0.0, 0.540743, 0.0, 0.8411873]
65.09096,0.0,342.7864, [0.8411873, 0.0, -0.540743, 0.0, 1.0, 0.0, 0.540743, 0.0, 0.8411873]
65.2809,0.0,343.08188, [0.8411873, 0.0, -0.540743, 0.0, 1.0, 0.0, 0.540743, 0.0, 0.8411873]
65.47084,0.0,343.37735, [0.8411873, 0.0, -0.540743, 0.0, 1.0, 0.0, 0.540743, 0.0, 0.8411873]
65.65365,0.0,343.6617, [0.8411873, 0.0, -0.540743, 0.0, 1.0, 0.0, 0.540743, 0.0, 0.8411873]
65.843735,0.0,343.9574, [0.8411873, 0.0, -0.540743, 0.0, 1.0, 0.0, 0.540743, 0.0, 0.8411873]
66.031105,0.0,344.24887, [0.8411873, 0.0, -0.540743, 0.0, 1.0, 0.0, 0.540743, 0.0, 0.8411873]
66.2204,0.0,344.54333, [0.8411873, 0.0, -0.540743, 0.0, 1.0, 0.0, 0.540743, 0.0, 0.8411873]
66.4143,0.0,344.84497, [0.8411873, 0.0, -0.540743, 0.0, 1.0, 0.0, 0.540743, 0.0, 0.8411873]
66.596245,0.0,345.128, [0.8411873, 0.0, -0.540743, 0.0, 1.0, 0.0, 0.540743, 0.0, 0.8411873]
66.783066,0.0,345.4186, [0.8411873, 0.0, -0.540743, 0.0, 1.0, 0.0, 0.540743, 0.0, 0.8411873]
66.9688,0.0,345.70755, [0.8411873, 0.0, -0.540743, 0.0, 1.0, 0.0, 0.540743, 0.0, 0.8411873]
67.16137,0.0,346.0071, [0.8411873, 0.0, -0.540743, 0.0, 1.0, 0.0, 0.540743, 0.0, 0.8411873]
67.34892,0.0,346.29886, [0.8411873, 0.0, -0.540743, 0.0, 1.0, 0.0, 0.540743, 0.0, 0.8411873]
67.53221,0.0,346.58398, [0.8411873, 0.0, -0.540743, 0.0, 1.0, 0.0, 0.540743, 0.0, 0.8411873]
67.71609,0.0,346.87003, [0.8411873, 0.0, -0.540743, 0.0, 1.0, 0.0, 0.540743, 0.0, 0.8411873]
67.90366,0.0,347.16183, [0.8411873, 0.0, -0.540743, 0.0, 1.0, 0.0, 0.540743, 0.0, 0.8411873]
68.09303,0.0,347.45642, [0.8411873, 0.0, -0.540743, 0.0, 1.0, 0.0, 0.540743, 0.0, 0.8411873]
68.277336,0.0,347.74313, [0.8411873, 0.0, -0.540743, 0.0, 1.0, 0.0, 0.540743, 0.0, 0.8411873]
68.45608,0.0,348.02118, [0.8411873, 0.0, -0.540743, 0.0, 1.0, 0.0, 0.540743, 0.0, 0.8411873]
68.637535,0.0,348.30347, [0.8411873, 0.0, -0.540743, 0.0, 1.0, 0.0, 0.540743, 0.0, 0.8411873]
68.81978,0.0,348.58698, [0.8411873, 0.0, -0.540743, 0.0, 1.0, 0.0, 0.540743, 0.0, 0.8411873]
69.061584,0.0,348.96313, [0.8411873, 0.0, -0.540743, 0.0, 1.0, 0.0, 0.540743, 0.0, 0.8411873]
69.2009,0.0,349.17984, [0.8411873, 0.0, -0.540743, 0.0, 1.0, 0.0, 0.540743, 0.0, 0.8411873]
69.321785,0.0,349.3679, [0.8411873, 0.0, -0.540743, 0.0, 1.0, 0.0, 0.540743, 0.0, 0.8411873]
69.483444,0.0,349.61935, [0.8411873, 0.0, -0.540743, 0.0, 1.0, 0.0, 0.540743, 0.0, 0.8411873]
69.659225,0.0,349.8928, [0.8411873, 0.0, -0.540743, 0.0, 1.0, 0.0, 0.540743, 0.0, 0.8411873]
69.836494,0.0,350.16855, [0.8411873, 0.0, -0.540743, 0.0, 1.0, 0.0, 0.540743, 0.0, 0.8411873]
70.00824,0.0,350.43573, [0.8411873, 0.0, -0.540743, 0.0, 1.0, 0.0, 0.540743, 0.0, 0.8411873]
70.17677,0.0,350.6979, [0.8411873, 0.0, -0.540743, 0.0, 1.0, 0.0, 0.540743, 0.0, 0.8411873]
70.34782,0.0,350.964, [0.8411873, 0.0, -0.540743, 0.0, 1.0, 0.0, 0.540743, 0.0, 0.8411873]
70.520584,0.0,351.23276, [0.8411873, 0.0, -0.540743, 0.0, 1.0, 0.0, 0.540743, 0.0, 0.8411873]
70.69515,0.0,351.50433, [0.8411873, 0.0, -0.540743, 0.0, 1.0, 0.0, 0.540743, 0.0, 0.8411873]
70.86026,0.0,351.76117, [0.8411873, 0.0, -0.540743, 0.0, 1.0, 0.0, 0.540743, 0.0, 0.8411873]
71.021164,0.0,352.01147, [0.8411873, 0.0, -0.540743, 0.0, 1.0, 0.0, 0.540743, 0.0, 0.8411873]
71.1849,0.0,352.26617, [0.8411873, 0.0, -0.540743, 0.0, 1.0, 0.0, 0.540743, 0.0, 0.8411873]
71.34818,0.0,352.52017, [0.8411873, 0.0, -0.540743, 0.0, 1.0, 0.0, 0.540743, 0.0, 0.8411873]
71.513275,0.0,352.777, [0.8411873, 0.0, -0.540743, 0.0, 1.0, 0.0, 0.540743, 0.0, 0.8411873]
71.67294,0.0,353.0254, [0.8411873, 0.0, -0.540743, 0.0, 1.0, 0.0, 0.540743, 0.0, 0.8411873]
71.829834,0.0,353.26944, [0.8411873, 0.0, -0.540743, 0.0, 1.0, 0.0, 0.540743, 0.0, 0.8411873]
71.989555,0.0,353.5179, [0.8411873, 0.0, -0.540743, 0.0, 1.0, 0.0, 0.540743, 0.0, 0.8411873]
72.14982,0.0,353.7672, [0.8411873, 0.0, -0.540743, 0.0, 1.0, 0.0, 0.540743, 0.0, 0.8411873]
72.3111,0.0,354.0181, [0.8411873, 0.0, -0.540743, 0.0, 1.0, 0.0, 0.540743, 0.0, 0.8411873]
72.464424,0.0,354.25662, [0.8411873, 0.0, -0.540743, 0.0, 1.0, 0.0, 0.540743, 0.0, 0.8411873]
72.613655,0.0,354.48877, [0.8411873, 0.0, -0.540743, 0.0, 1.0, 0.0, 0.540743, 0.0, 0.8411873]
72.767136,0.0,354.72754, [0.8411873, 0.0, -0.540743, 0.0, 1.0, 0.0, 0.540743, 0.0, 0.8411873]
72.92224,0.0,354.9688, [0.8411873, 0.0, -0.540743, 0.0, 1.0, 0.0, 0.540743, 0.0, 0.8411873]
73.07725,0.0,355.20993, [0.8411873, 0.0, -0.540743, 0.0, 1.0, 0.0, 0.540743, 0.0, 0.8411873]
73.22399,0.0,355.4382, [0.8411873, 0.0, -0.540743, 0.0, 1.0, 0.0, 0.540743, 0.0, 0.8411873]
73.36853,0.0,355.66306, [0.8411873, 0.0, -0.540743, 0.0, 1.0, 0.0, 0.540743, 0.0, 0.8411873]
73.51639,0.0,355.89307, [0.8411873, 0.0, -0.540743, 0.0, 1.0, 0.0, 0.540743, 0.0, 0.8411873]
73.666756,0.0,356.12698, [0.8411873, 0.0, -0.540743, 0.0, 1.0, 0.0, 0.540743, 0.0, 0.8411873]
73.81189,0.0,356.35275, [0.8411873, 0.0, -0.540743, 0.0, 1.0, 0.0, 0.540743, 0.0, 0.8411873]
73.95124,0.0,356.56952, [0.8411873, 0.0, -0.540743, 0.0, 1.0, 0.0, 0.540743, 0.0, 0.8411873]
74.09333,0.0,356.79056, [0.8411873, 0.0, -0.540743, 0.0, 1.0, 0.0, 0.540743, 0.0, 0.8411873]
74.23675,0.0,357.01367, [0.8411873, 0.0, -0.540743, 0.0, 1.0, 0.0, 0.540743, 0.0, 0.8411873]
74.38096,0.0,357.238, [0.8411873, 0.0, -0.540743, 0.0, 1.0, 0.0, 0.540743, 0.0, 0.8411873]
74.5187,0.0,357.45227, [0.8411873, 0.0, -0.540743, 0.0, 1.0, 0.0, 0.540743, 0.0, 0.8411873]
74.65344,0.0,357.6619, [0.8411873, 0.0, -0.540743, 0.0, 1.0, 0.0, 0.540743, 0.0, 0.8411873]
74.79116,0.0,357.87613, [0.8411873, 0.0, -0.540743, 0.0, 1.0, 0.0, 0.540743, 0.0, 0.8411873]
74.92836,0.0,358.08957, [0.8411873, 0.0, -0.540743, 0.0, 1.0, 0.0, 0.540743, 0.0, 0.8411873]
75.0662,0.0,358.304, [0.8411873, 0.0, -0.540743, 0.0, 1.0, 0.0, 0.540743, 0.0, 0.8411873]
75.197525,0.0,358.50827, [0.8411873, 0.0, -0.540743, 0.0, 1.0, 0.0, 0.540743, 0.0, 0.8411873]
75.36185,0.0,358.76196, [0.8390876, 0.0, -0.5439954, 0.0, 1.0, 0.0, 0.5439954, 0.0, 0.8390876]
75.53217,0.0,359.0219, [0.83607054, 0.0, -0.54862106, 0.0, 1.0, 0.0, 0.54862106, 0.0, 0.83607054]
75.7046,0.0,359.2819, [0.8330247, 0.0, -0.55323505, 0.0, 1.0, 0.0, 0.55323505, 0.0, 0.8330247]
75.881546,0.0,359.54495, [0.82934344, 0.0, -0.5587383, 0.0, 1.0, 0.0, 0.5587383, 0.0, 0.82934344]
76.05449,0.0,359.798, [0.825109, 0.0, -0.5649727, 0.0, 1.0, 0.0, 0.5649727, 0.0, 0.825109]
76.22192,0.0,360.03928, [0.82104737, 0.0, -0.57085925, 0.0, 1.0, 0.0, 0.57085925, 0.0, 0.82104737]
76.39471,0.0,360.2842, [0.8166035, 0.0, -0.57719827, 0.0, 1.0, 0.0, 0.57719827, 0.0, 0.8166035]
76.57136,0.0,360.53043, [0.8119709, 0.0, -0.58369714, 0.0, 1.0, 0.0, 0.58369714, 0.0, 0.8119709]
76.74846,0.0,360.7731, [0.807188, 0.0, -0.5902937, 0.0, 1.0, 0.0, 0.5902937, 0.0, 0.807188]
76.92048,0.0,361.00488, [0.80244607, 0.0, -0.5967239, 0.0, 1.0, 0.0, 0.5967239, 0.0, 0.80244607]
77.09439,0.0,361.2354, [0.7977507, 0.0, -0.6029867, 0.0, 1.0, 0.0, 0.6029867, 0.0, 0.7977507]
77.2731,0.0,361.46835, [0.7928428, 0.0, -0.6094255, 0.0, 1.0, 0.0, 0.6094255, 0.0, 0.7928428]
77.45205,0.0,361.69778, [0.7879387, 0.0, -0.6157529, 0.0, 1.0, 0.0, 0.6157529, 0.0, 0.7879387]
77.62955,0.0,361.92163, [0.7829199, 0.0, -0.6221217, 0.0, 1.0, 0.0, 0.6221217, 0.0, 0.7829199]
77.80467,0.0,362.13895, [0.77801234, 0.0, -0.6282481, 0.0, 1.0, 0.0, 0.6282481, 0.0, 0.77801234]
77.98378,0.0,362.3576, [0.77296466, 0.0, -0.6344482, 0.0, 1.0, 0.0, 0.6344482, 0.0, 0.77296466]
78.160995,0.0,362.57047, [0.76787114, 0.0, -0.6406035, 0.0, 1.0, 0.0, 0.6406035, 0.0, 0.76787114]
78.33799,0.0,362.77966, [0.7627911, 0.0, -0.64664406, 0.0, 1.0, 0.0, 0.64664406, 0.0, 0.7627911]
78.51965,0.0,362.9909, [0.75758034, 0.0, -0.65274096, 0.0, 1.0, 0.0, 0.65274096, 0.0, 0.75758034]
78.70094,0.0,363.19833, [0.7522697, 0.0, -0.6588543, 0.0, 1.0, 0.0, 0.6588543, 0.0, 0.7522697]
78.87874,0.0,363.39853, [0.7470034, 0.0, -0.6648193, 0.0, 1.0, 0.0, 0.6648193, 0.0, 0.7470034]
79.057396,0.0,363.5965, [0.74171096, 0.0, -0.67071867, 0.0, 1.0, 0.0, 0.67071867, 0.0, 0.74171096]
79.2402,0.0,363.79584, [0.73631394, 0.0, -0.67663914, 0.0, 1.0, 0.0, 0.67663914, 0.0, 0.73631394]
79.419556,0.0,363.98834, [0.73091596, 0.0, -0.68246657, 0.0, 1.0, 0.0, 0.68246657, 0.0, 0.73091596]
79.59391,0.0,364.17416, [0.7289809, 0.0, -0.6845331, 0.0, 1.0, 0.0, 0.6845331, 0.0, 0.7289809]
79.772354,0.0,364.36325, [0.72697634, 0.0, -0.6866616, 0.0, 1.0, 0.0, 0.6866616, 0.0, 0.72697634]
