37.0,0.0,239.40047, [1.0, 0.0, 0.0, 0.0, 1.0, 0.0, 0.0, 0.0, 1.0]
37.0,0.0,239.4044, [1.0, 0.0, 0.0, 0.0, 1.0, 0.0, 0.0, 0.0, 1.0]
37.0,0.0,239.41328, [1.0, 0.0, 0.0, 0.0, 1.0, 0.0, 0.0, 0.0, 1.0]
37.0,0.0,239.42725, [1.0, 0.0, 0.0, 0.0, 1.0, 0.0, 0.0, 0.0, 1.0]
37.0,0.0,239.44638, [1.0, 0.0, 0.0, 0.0, 1.0, 0.0, 0.0, 0.0, 1.0]
37.0,0.0,239.46959, [1.0, 0.0, 0.0, 0.0, 1.0, 0.0, 0.0, 0.0, 1.0]
37.0,0.0,239.54272, [1.0, 0.0, 0.0, 0.0, 1.0, 0.0, 0.0, 0.0, 1.0]
37.0,0.0,239.61346, [1.0, 0.0, 0.0, 0.0, 1.0, 0.0, 0.0, 0.0, 1.0]
37.0,0.0,239.63911, [1.0, 0.0, 0.0, 0.0, 1.0, 0.0, 0.0, 0.0, 1.0]
37.0,0.0,239.66434, [1.0, 0.0, 0.0, 0.0, 1.0, 0.0, 0.0, 0.0, 1.0]
37.0,0.0,239.69656, [1.0, 0.0, 0.0, 0.0, 1.0, 0.0, 0.0, 0.0, 1.0]
37.0,0.0,239.74794, [1.0, 0.0, 0.0, 0.0, 1.0, 0.0, 0.0, 0.0, 1.0]
37.0,0.0,239.80603, [1.0, 0.0, 0.0, 0.0, 1.0, 0.0, 0.0, 0.0, 1.0]
37.0,0.0,239.87065, [1.0, 0.0, 0.0, 0.0, 1.0, 0.0, 0.0, 0.0, 1.0]
37.0,0.0,239.93634, [1.0, 0.0, 0.0, 0.0, 1.0, 0.0, 0.0, 0.0, 1.0]
37.0,0.0,240.00517, [1.0, 0.0, 0.0, 0.0, 1.0, 0.0, 0.0, 0.0, 1.0]
37.0,0.0,240.08133, [1.0, 0.0, 0.0, 0.0, 1.0, 0.0, 0.0, 0.0, 1.0]
37.0,0.0,240.1634, [1.0, 0.0, 0.0, 0.0, 1.0, 0.0, 0.0, 0.0, 1.0]
37.0,0.0,240.24966, [1.0, 0.0, 0.0, 0.0, 1.0, 0.0, 0.0, 0.0, 1.0]
37.0,0.0,240.33931, [1.0, 0.0, 0.0, 0.0, 1.0, 0.0, 0.0, 0.0, 1.0]
37.0,0.0,240.43538, [1.0, 0.0, 0.0, 0.0, 1.0, 0.0, 0.0, 0.0, 1.0]
37.0,0.0,240.53659, [1.0, 0.0, 0.0, 0.0, 1.0, 0.0, 0.0, 0.0, 1.0]
37.0,0.0,240.64505, [1.0, 0.0, 0.0, 0.0, 1.0, 0.0, 0.0, 0.0, 1.0]
37.0,0.0,240.75511, [1.0, 0.0, 0.0, 0.0, 1.0, 0.0, 0.0, 0.0, 1.0]
37.0,0.0,240.86601, [1.0, 0.0, 0.0, 0.0, 1.0, 0.0, 0.0, 0.0, 1.0]
37.0,0.0,240.98471, [1.0, 0.0, 0.0, 0.0, 1.0, 0.0, 0.0, 0.0, 1.0]
37.0,0.0,241.11131, [1.0, 0.0, 0.0, 0.0, 1.0, 0.0, 0.0, 0.0, 1.0]
37.0,0.0,241.24591, [1.0, 0.0, 0.0, 0.0, 1.0, 0.0, 0.0, 0.0, 1.0]
37.0,0.0,241.37796, [1.0, 0.0, 0.0, 0.0, 1.0, 0.0, 0.0, 0.0, 1.0]
37.0,0.0,241.51196, [1.0, 0.0, 0.0, 0.0, 1.0, 0.0, 0.0, 0.0, 1.0]
37.0,0.0,241.65576, [1.0, 0.0, 0.0, 0.0, 1.0, 0.0, 0.0, 0.0, 1.0]
37.0,0.0,241.80751, [1.0, 0.0, 0.0, 0.0, 1.0, 0.0, 0.0, 0.0, 1.0]
37.0,0.0,241.96875, [1.0, 0.0, 0.0, 0.0, 1.0, 0.0, 0.0, 0.0, 1.0]
37.0,0.0,242.12376, [1.0, 0.0, 0.0, 0.0, 1.0, 0.0, 0.0, 0.0, 1.0]
37.0,0.0,242.27887, [1.0, 0.0, 0.0, 0.0, 1.0, 0.0, 0.0, 0.0, 1.0]
37.0,0.0,242.44684, [1.0, 0.0, 0.0, 0.0, 1.0, 0.0, 0.0, 0.0, 1.0]
37.0,0.0,242.62457, [1.0, 0.0, 0.0, 0.0, 1.0, 0.0, 0.0, 0.0, 1.0]
37.0,0.0,242.80862, [1.0, 0.0, 0.0, 0.0, 1.0, 0.0, 0.0, 0.0, 1.0]
37.0,0.0,242.98598, [1.0, 0.0, 0.0, 0.0, 1.0, 0.0, 0.0, 0.0, 1.0]
37.0,0.0,243.16728, [1.0, 0.0, 0.0, 0.0, 1.0, 0.0, 0.0, 0.0, 1.0]
37.0,0.0,243.36308, [1.0, 0.0, 0.0, 0.0, 1.0, 0.0, 0.0, 0.0, 1.0]
37.0,0.0,243.56078, [1.0, 0.0, 0.0, 0.0, 1.0, 0.0, 0.0, 0.0, 1.0]
37.0,0.0,243.7638, [1.0, 0.0, 0.0, 0.0, 1.0, 0.0, 0.0, 0.0, 1.0]
37.0,0.0,243.97139, [1.0, 0.0, 0.0, 0.0, 1.0, 0.0, 0.0, 0.0, 1.0]
37.0,0.0,244.18076, [1.0, 0.0, 0.0, 0.0, 1.0, 0.0, 0.0, 0.0, 1.0]
37.0,0.0,244.43465, [1.0, 0.0, 0.0, 0.0, 1.0, 0.0, 0.0, 0.0, 1.0]
37.0,0.0,244.64636, [1.0, 0.0, 0.0, 0.0, 1.0, 0.0, 0.0, 0.0, 1.0]
37.0,0.0,244.83498, [1.0, 0.0, 0.0, 0.0, 1.0, 0.0, 0.0, 0.0, 1.0]
37.0,0.0,245.07002, [1.0, 0.0, 0.0, 0.0, 1.0, 0.0, 0.0, 0.0, 1.0]
37.0,0.0,245.303, [1.0, 0.0, 0.0, 0.0, 1.0, 0.0, 0.0, 0.0, 1.0]
37.0,0.0,245.53911, [1.0, 0.0, 0.0, 0.0, 1.0, 0.0, 0.0, 0.0, 1.0]
37.0,0.0,245.7825, [1.0, 0.0, 0.0, 0.0, 1.0, 0.0, 0.0, 0.0, 1.0]
37.0,0.0,246.03366, [1.0, 0.0, 0.0, 0.0, 1.0, 0.0, 0.0, 0.0, 1.0]
37.0,0.0,246.29002, [1.0, 0.0, 0.0, 0.0, 1.0, 0.0, 0.0, 0.0, 1.0]
37.0,0.0,246.54857, [1.0, 0.0, 0.0, 0.0, 1.0, 0.0, 0.0, 0.0, 1.0]
37.0,0.0,246.81244, [1.0, 0.0, 0.0, 0.0, 1.0, 0.0, 0.0, 0.0, 1.0]
37.0,0.0,247.08784, [1.0, 0.0, 0.0, 0.0, 1.0, 0.0, 0.0, 0.0, 1.0]
37.0,0.0,247.35983, [1.0, 0.0, 0.0, 0.0, 1.0, 0.0, 0.0, 0.0, 1.0]
37.0,0.0,247.63403, [1.0, 0.0, 0.0, 0.0, 1.0, 0.0, 0.0, 0.0, 1.0]
37.0,0.0,247.91144, [1.0, 0.0, 0.0, 0.0, 1.0, 0.0, 0.0, 0.0, 1.0]
37.0,0.0,248.19061, [1.0, 0.0, 0.0, 0.0, 1.0, 0.0, 0.0, 0.0, 1.0]
37.0,0.0,248.4707, [1.0, 0.0, 0.0, 0.0, 1.0, 0.0, 0.0, 0.0, 1.0]
37.0,0.0,248.74231, [1.0, 0.0, 0.0, 0.0, 1.0, 0.0, 0.0, 0.0, 1.0]
37.0,0.0,249.02022, [1.0, 0.0, 0.0, 0.0, 1.0, 0.0, 0.0, 0.0, 1.0]
37.0,0.0,249.3018, [1.0, 0.0, 0.0, 0.0, 1.0, 0.0, 0.0, 0.0, 1.0]
37.0,0.0,249.58244, [1.0, 0.0, 0.0, 0.0, 1.0, 0.0, 0.0, 0.0, 1.0]
37.0,0.0,249.87659, [1.0, 0.0, 0.0, 0.0, 1.0, 0.0, 0.0, 0.0, 1.0]
37.0,0.0,250.1319, [1.0, 0.0, 0.0, 0.0, 1.0, 0.0, 0.0, 0.0, 1.0]
37.0,0.0,250.4021, [1.0, 0.0, 0.0, 0.0, 1.0, 0.0, 0.0, 0.0, 1.0]
37.0,0.0,250.67982, [1.0, 0.0, 0.0, 0.0, 1.0, 0.0, 0.0, 0.0, 1.0]
37.0,0.0,250.95975, [1.0, 0.0, 0.0, 0.0, 1.0, 0.0, 0.0, 0.0, 1.0]
37.0,0.0,251.2428, [1.0, 0.0, 0.0, 0.0, 1.0, 0.0, 0.0, 0.0, 1.0]
37.0,0.0,251.51328, [1.0, 0.0, 0.0, 0.0, 1.0, 0.0, 0.0, 0.0, 1.0]
37.0,0.0,251.7943, [1.0, 0.0, 0.0, 0.0, 1.0, 0.0, 0.0, 0.0, 1.0]
37.0,0.0,252.07019, [1.0, 0.0, 0.0, 0.0, 1.0, 0.0, 0.0, 0.0, 1.0]
37.0,0.0,252.35326, [1.0, 0.0, 0.0, 0.0, 1.0, 0.0, 0.0, 0.0, 1.0]
37.0,0.0,252.62791, [1.0, 0.0, 0.0, 0.0, 1.0, 0.0, 0.0, 0.0, 1.0]
37.0,0.0,252.90639, [1.0, 0.0, 0.0, 0.0, 1.0, 0.0, 0.0, 0.0, 1.0]
37.0,0.0,253.18005, [1.0, 0.0, 0.0, 0.0, 1.0, 0.0, 0.0, 0.0, 1.0]
37.0,0.0,253.46089, [1.0, 0.0, 0.0, 0.0, 1.0, 0.0, 0.0, 0.0, 1.0]
37.0,0.0,253.74281, [1.0, 0.0, 0.0, 0.0, 1.0, 0.0, 0.0, 0.0, 1.0]
37.0,0.0,254.0134, [1.0, 0.0, 0.0, 0.0, 1.0, 0.0, 0.0, 0.0, 1.0]
37.0,0.0,254.29135, [1.0, 0.0, 0.0, 0.0, 1.0, 0.0, 0.0, 0.0, 1.0]
37.0,0.0,254.56847, [1.0, 0.0, 0.0, 0.0, 1.0, 0.0, 0.0, 0.0, 1.0]
37.0,0.0,254.84955, [1.0, 0.0, 0.0, 0.0, 1.0, 0.0, 0.0, 0.0, 1.0]
37.0,0.0,255.12949, [1.0, 0.0, 0.0, 0.0, 1.0, 0.0, 0.0, 0.0, 1.0]
37.0,0.0,255.40321, [1.0, 0.0, 0.0, 0.0, 1.0, 0.0, 0.0, 0.0, 1.0]
37.0,0.0,255.67717, [1.0, 0.0, 0.0, 0.0, 1.0, 0.0, 0.0, 0.0, 1.0]
37.0,0.0,255.95943, [1.0, 0.0, 0.0, 0.0, 1.0, 0.0, 0.0, 0.0, 1.0]
37.0,0.0,256.2405, [1.0, 0.0, 0.0, 0.0, 1.0, 0.0, 0.0, 0.0, 1.0]
37.0,0.0,256.5239, [1.0, 0.0, 0.0, 0.0, 1.0, 0.0, 0.0, 0.0, 1.0]
37.0,0.0,256.79007, [1.0, 0.0, 0.0, 0.0, 1.0, 0.0, 0.0, 0.0, 1.0]
37.0,0.0,257.0695, [1.0, 0.0, 0.0, 0.0, 1.0, 0.0, 0.0, 0.0, 1.0]
37.0,0.0,257.3462, [1.0, 0.0, 0.0, 0.0, 1.0, 0.0, 0.0, 0.0, 1.0]
37.0,0.0,257.62784, [1.0, 0.0, 0.0, 0.0, 1.0, 0.0, 0.0, 0.0, 1.0]
37.000523,0.0,257.98386, [0.9999987, 0.0, -0.0016264856, 0.0, 1.0, 0.0, 0.0016264856, 0.0, 0.9999987]
37.001564,0.0,258.32047, [0.99999464, 0.0, -0.003275945, 0.0, 1.0, 0.0, 0.003275945, 0.0, 0.99999464]
37.003716,0.0,258.66605, [0.99997866, 0.0, -0.0065393182, 0.0, 1.0, 0.0, 0.0065393182, 0.0, 0.99997866]
37.007523,0.0,259.01343, [0.99993455, 0.0, -0.011444766, 0.0, 1.0, 0.0, 0.011444766, 0.0, 0.99993455]
37.013096,0.0,259.3654, [0.9998669, 0.0, -0.016319111, 0.0, 1.0, 0.0, 0.016319111, 0.0, 0.9998669]
37.02062,0.0,259.7126, [0.9997521, 0.0, -0.022266809, 0.0, 1.0, 0.0, 0.022266809, 0.0, 0.9997521]
37.030163,0.0,260.05698, [0.9995996, 0.0, -0.028299186, 0.0, 1.0, 0.0, 0.028299186, 0.0, 0.9995996]
37.041885,0.0,260.40448, [0.9994115, 0.0, -0.03430353, 0.0, 1.0, 0.0, 0.03430353, 0.0, 0.9994115]
37.05568,0.0,260.75098, [0.99918437, 0.0, -0.040382527, 0.0, 1.0, 0.0, 0.040382527, 0.0, 0.99918437]
37.07196,0.0,261.10587, [0.99892205, 0.0, -0.046420712, 0.0, 1.0, 0.0, 0.046420712, 0.0, 0.99892205]
37.089718,0.0,261.44693, [0.99861294, 0.0, -0.052652024, 0.0, 1.0, 0.0, 0.052652024, 0.0, 0.99861294]
37.109734,0.0,261.79172, [0.9982854, 0.0, -0.058533825, 0.0, 1.0, 0.0, 0.058533825, 0.0, 0.9982854]
37.131977,0.0,262.1387, [0.9979123, 0.0, -0.06458387, 0.0, 1.0, 0.0, 0.06458387, 0.0, 0.9979123]
37.156284,0.0,262.48492, [0.9975019, 0.0, -0.070639595, 0.0, 1.0, 0.0, 0.070639595, 0.0, 0.9975019]
37.18311,0.0,262.8365, [0.997056, 0.0, -0.07667703, 0.0, 1.0, 0.0, 0.07667703, 0.0, 0.997056]
37.211227,0.0,263.17743, [0.9965633, 0.0, -0.08283527, 0.0, 1.0, 0.0, 0.08283527, 0.0, 0.9965633]
37.241768,0.0,263.52252, [0.99605554, 0.0, -0.088732235, 0.0, 1.0, 0.0, 0.088732235, 0.0, 0.99605554]
37.274197,0.0,263.86533, [0.99549776, 0.0, -0.09478494, 0.0, 1.0, 0.0, 0.09478494, 0.0, 0.99549776]
37.30914,0.0,264.21243, [0.99491185, 0.0, -0.10074905, 0.0, 1.0, 0.0, 0.10074905, 0.0, 0.99491185]
37.34645,0.0,264.5617, [0.9942775, 0.0, -0.106828645, 0.0, 1.0, 0.0, 0.106828645, 0.0, 0.9942775]
37.385067,0.0,264.90335, [0.9936034, 0.0, -0.11292622, 0.0, 1.0, 0.0, 0.11292622, 0.0, 0.9936034]
37.42625,0.0,265.24915, [0.9929118, 0.0, -0.11885352, 0.0, 1.0, 0.0, 0.11885352, 0.0, 0.9929118]
37.469353,0.0,265.5932, [0.9921677, 0.0, -0.124912724, 0.0, 1.0, 0.0, 0.124912724, 0.0, 0.9921677]
37.515053,0.0,265.94092, [0.99139535, 0.0, -0.13090126, 0.0, 1.0, 0.0, 0.13090126, 0.0, 0.99139535]
37.56736,0.0,266.32074, [0.9905728, 0.0, -0.13698725, 0.0, 1.0, 0.0, 0.13698725, 0.0, 0.9905728]
37.615112,0.0,266.65137, [0.98961425, 0.0, -0.14374879, 0.0, 1.0, 0.0, 0.14374879, 0.0, 0.98961425]
37.662094,0.0,266.9638, [0.9887967, 0.0, -0.14926907, 0.0, 1.0, 0.0, 0.14926907, 0.0, 0.9887967]
37.714775,0.0,267.3011, [0.9879371, 0.0, -0.15485638, 0.0, 1.0, 0.0, 0.15485638, 0.0, 0.9879371]
37.770664,0.0,267.64523, [0.98697007, 0.0, -0.1609045, 0.0, 1.0, 0.0, 0.1609045, 0.0, 0.98697007]
37.828995,0.0,267.9911, [0.9859743, 0.0, -0.16689749, 0.0, 1.0, 0.0, 0.16689749, 0.0, 0.9859743]
37.8881,0.0,268.32895, [0.98493224, 0.0, -0.17294091, 0.0, 1.0, 0.0, 0.17294091, 0.0, 0.98493224]
37.950207,0.0,268.67184, [0.98388594, 0.0, -0.1787974, 0.0, 1.0, 0.0, 0.1787974, 0.0, 0.98388594]
38.013958,0.0,269.01202, [0.98277414, 0.0, -0.18481062, 0.0, 1.0, 0.0, 0.18481062, 0.0, 0.98277414]
38.080067,0.0,269.35336, [0.9816435, 0.0, -0.19072485, 0.0, 1.0, 0.0, 0.19072485, 0.0, 0.9816435]
38.14912,0.0,269.6987, [0.9804658, 0.0, -0.19668932, 0.0, 1.0, 0.0, 0.19668932, 0.0, 0.9804658]
38.21824,0.0,270.03366, [0.97923505, 0.0, -0.20272776, 0.0, 1.0, 0.0, 0.20272776, 0.0, 0.97923505]
38.290195,0.0,270.37213, [0.97801775, 0.0, -0.20852132, 0.0, 1.0, 0.0, 0.20852132, 0.0, 0.97801775]
38.3642,0.0,270.7102, [0.97673434, 0.0, -0.21445261, 0.0, 1.0, 0.0, 0.21445261, 0.0, 0.97673434]
38.441288,0.0,271.05243, [0.975423, 0.0, -0.22034052, 0.0, 1.0, 0.0, 0.22034052, 0.0, 0.975423]
38.518585,0.0,271.38605, [0.97405064, 0.0, -0.22633004, 0.0, 1.0, 0.0, 0.22633004, 0.0, 0.97405064]
38.59904,0.0,271.7241, [0.9726903, 0.0, -0.23210698, 0.0, 1.0, 0.0, 0.23210698, 0.0, 0.9726903]
38.681637,0.0,272.062, [0.9712572, 0.0, -0.23803258, 0.0, 1.0, 0.0, 0.23803258, 0.0, 0.9712572]
38.766235,0.0,272.3992, [0.9697957, 0.0, -0.24391858, 0.0, 1.0, 0.0, 0.24391858, 0.0, 0.9697957]
38.85348,0.0,272.73825, [0.9682977, 0.0, -0.24979892, 0.0, 1.0, 0.0, 0.24979892, 0.0, 0.9682977]
38.940422,0.0,273.06888, [0.9669871, 0.0, -0.25482535, 0.0, 1.0, 0.0, 0.25482535, 0.0, 0.9669871]
39.02974,0.0,273.40378, [0.9661391, 0.0, -0.2580218, 0.0, 1.0, 0.0, 0.2580218, 0.0, 0.9661391]
39.10185,0.0,273.6738, [0.9661391, 0.0, -0.2580218, 0.0, 1.0, 0.0, 0.2580218, 0.0, 0.9661391]
39.174885,0.0,273.94727, [0.9661391, 0.0, -0.2580218, 0.0, 1.0, 0.0, 0.2580218, 0.0, 0.9661391]
39.24783,0.0,274.2204, [0.9661391, 0.0, -0.2580218, 0.0, 1.0, 0.0, 0.2580218, 0.0, 0.9661391]
39.316208,0.0,274.47644, [0.9661391, 0.0, -0.2580218, 0.0, 1.0, 0.0, 0.2580218, 0.0, 0.9661391]
39.388348,0.0,274.74655, [0.9661391, 0.0, -0.2580218, 0.0, 1.0, 0.0, 0.2580218, 0.0, 0.9661391]
39.460724,0.0,275.01755, [0.9661391, 0.0, -0.2580218, 0.0, 1.0, 0.0, 0.2580218, 0.0, 0.9661391]
39.531525,0.0,275.28265, [0.9661391, 0.0, -0.2580218, 0.0, 1.0, 0.0, 0.2580218, 0.0, 0.9661391]
39.604305,0.0,275.55518, [0.9661391, 0.0, -0.2580218, 0.0, 1.0, 0.0, 0.2580218, 0.0, 0.9661391]
39.746445,0.0,276.0874, [0.9661391, 0.0, -0.2580218, 0.0, 1.0, 0.0, 0.2580218, 0.0, 0.9661391]
39.776875,0.0,276.20135, [0.9661391, 0.0, -0.2580218, 0.0, 1.0, 0.0, 0.2580218, 0.0, 0.9661391]
39.82777,0.0,276.39194, [0.9661391, 0.0, -0.2580218, 0.0, 1.0, 0.0, 0.2580218, 0.0, 0.9661391]
39.887356,0.0,276.61505, [0.9661391, 0.0, -0.2580218, 0.0, 1.0, 0.0, 0.2580218, 0.0, 0.9661391]
39.923294,0.0,276.74963, [0.9661391, 0.0, -0.2580218, 0.0, 1.0, 0.0, 0.2580218, 0.0, 0.9661391]
39.948315,0.0,276.84332, [0.9661391, 0.0, -0.2580218, 0.0, 1.0, 0.0, 0.2580218, 0.0, 0.9661391]
39.99206,0.0,277.00714, [0.9661391, 0.0, -0.2580218, 0.0, 1.0, 0.0, 0.2580218, 0.0, 0.9661391]
40.063755,0.0,277.27557, [0.9661391, 0.0, -0.2580218, 0.0, 1.0, 0.0, 0.2580218, 0.0, 0.9661391]
40.136345,0.0,277.5474, [0.9661391, 0.0, -0.2580218, 0.0, 1.0, 0.0, 0.2580218, 0.0, 0.9661391]
40.209385,0.0,277.8209, [0.9661391, 0.0, -0.2580218, 0.0, 1.0, 0.0, 0.2580218, 0.0, 0.9661391]
40.27969,0.0,278.08414, [0.9661391, 0.0, -0.2580218, 0.0, 1.0, 0.0, 0.2580218, 0.0, 0.9661391]
40.35095,0.0,278.35095, [0.9661391, 0.0, -0.2580218, 0.0, 1.0, 0.0, 0.2580218, 0.0, 0.9661391]
40.422363,0.0,278.61835, [0.9661391, 0.0, -0.2580218, 0.0, 1.0, 0.0, 0.2580218, 0.0, 0.9661391]
40.514492,0.0,278.9608, [0.965608, 0.0, -0.26000226, 0.0, 1.0, 0.0, 0.26000226, 0.0, 0.965608]
40.60491,0.0,279.2919, [0.964566, 0.0, -0.26384178, 0.0, 1.0, 0.0, 0.26384178, 0.0, 0.964566]
40.6974,0.0,279.6237, [0.9631399, 0.0, -0.26900133, 0.0, 1.0, 0.0, 0.26900133, 0.0, 0.9631399]
40.792217,0.0,279.95688, [0.96166116, 0.0, -0.27424073, 0.0, 1.0, 0.0, 0.27424073, 0.0, 0.96166116]
40.889538,0.0,280.29123, [0.9599847, 0.0, -0.28005278, 0.0, 1.0, 0.0, 0.28005278, 0.0, 0.9599847]
40.99156,0.0,280.63394, [0.9582629, 0.0, -0.2858886, 0.0, 1.0, 0.0, 0.2858886, 0.0, 0.9582629]
41.090427,0.0,280.95868, [0.95644873, 0.0, -0.29190066, 0.0, 1.0, 0.0, 0.29190066, 0.0, 0.95644873]
41.19239,0.0,281.28656, [0.95472914, 0.0, -0.2974767, 0.0, 1.0, 0.0, 0.2974767, 0.0, 0.95472914]
41.29755,0.0,281.61774, [0.9529174, 0.0, -0.30323038, 0.0, 1.0, 0.0, 0.30323038, 0.0, 0.9529174]
41.406,0.0,281.9522, [0.95105875, 0.0, -0.30901065, 0.0, 1.0, 0.0, 0.30901065, 0.0, 0.95105875]
41.518433,0.0,282.29184, [0.9491396, 0.0, -0.31485602, 0.0, 1.0, 0.0, 0.31485602, 0.0, 0.9491396]
41.62561,0.0,282.609, [0.9471479, 0.0, -0.32079774, 0.0, 1.0, 0.0, 0.32079774, 0.0, 0.9471479]
41.73736,0.0,282.93338, [0.9452921, 0.0, -0.32622573, 0.0, 1.0, 0.0, 0.32622573, 0.0, 0.9452921]
41.852436,0.0,283.26105, [0.94330037, 0.0, -0.331941, 0.0, 1.0, 0.0, 0.331941, 0.0, 0.94330037]
41.97037,0.0,283.59045, [0.9412705, 0.0, -0.33765417, 0.0, 1.0, 0.0, 0.33765417, 0.0, 0.9412705]
42.091644,0.0,283.92276, [0.9391875, 0.0, -0.34340525, 0.0, 1.0, 0.0, 0.34340525, 0.0, 0.9391875]
42.210583,0.0,284.24255, [0.9370446, 0.0, -0.34921026, 0.0, 1.0, 0.0, 0.34921026, 0.0, 0.9370446]
42.333084,0.0,284.566, [0.93496937, 0.0, -0.354729, 0.0, 1.0, 0.0, 0.354729, 0.0, 0.93496937]
42.458023,0.0,284.88998, [0.93279856, 0.0, -0.36039874, 0.0, 1.0, 0.0, 0.36039874, 0.0, 0.93279856]
42.585506,0.0,285.21466, [0.9305987, 0.0, -0.36604172, 0.0, 1.0, 0.0, 0.36604172, 0.0, 0.9305987]
42.71692,0.0,285.54343, [0.92835015, 0.0, -0.37170744, 0.0, 1.0, 0.0, 0.37170744, 0.0, 0.92835015]
42.844574,0.0,285.85782, [0.92632115, 0.0, -0.37673533, 0.0, 1.0, 0.0, 0.37673533, 0.0, 0.92632115]
42.975994,0.0,286.17673, [0.92438096, 0.0, -0.381471, 0.0, 1.0, 0.0, 0.381471, 0.0, 0.92438096]
43.111206,0.0,286.5024, [0.92347246, 0.0, -0.38366523, 0.0, 1.0, 0.0, 0.38366523, 0.0, 0.92347246]
43.217426,0.0,286.7581, [0.92347246, 0.0, -0.38366523, 0.0, 1.0, 0.0, 0.38366523, 0.0, 0.92347246]
43.324936,0.0,287.01685, [0.92347246, 0.0, -0.38366523, 0.0, 1.0, 0.0, 0.38366523, 0.0, 0.92347246]
43.429955,0.0,287.26962, [0.92347246, 0.0, -0.38366523, 0.0, 1.0, 0.0, 0.38366523, 0.0, 0.92347246]
43.537098,0.0,287.5275, [0.92347246, 0.0, -0.38366523, 0.0, 1.0, 0.0, 0.38366523, 0.0, 0.92347246]
43.643295,0.0,287.7831, [0.92347246, 0.0, -0.38366523, 0.0, 1.0, 0.0, 0.38366523, 0.0, 0.92347246]
43.749954,0.0,288.03983, [0.92347246, 0.0, -0.38366523, 0.0, 1.0, 0.0, 0.38366523, 0.0, 0.92347246]
43.857605,0.0,288.29895, [0.92347246, 0.0, -0.38366523, 0.0, 1.0, 0.0, 0.38366523, 0.0, 0.92347246]
43.962692,0.0,288.55188, [0.92347246, 0.0, -0.38366523, 0.0, 1.0, 0.0, 0.38366523, 0.0, 0.92347246]
44.068954,0.0,288.80765, [0.92347246, 0.0, -0.38366523, 0.0, 1.0, 0.0, 0.38366523, 0.0, 0.92347246]
44.17498,0.0,289.06287, [0.92347246, 0.0, -0.38366523, 0.0, 1.0, 0.0, 0.38366523, 0.0, 0.92347246]
44.286148,0.0,289.33044, [0.92347246, 0.0, -0.38366523, 0.0, 1.0, 0.0, 0.38366523, 0.0, 0.92347246]
44.3889,0.0,289.57776, [0.92347246, 0.0, -0.38366523, 0.0, 1.0, 0.0, 0.38366523, 0.0, 0.92347246]
44.496033,0.0,289.83563, [0.92347246, 0.0, -0.38366523, 0.0, 1.0, 0.0, 0.38366523, 0.0, 0.92347246]
44.602562,0.0,290.09204, [0.92347246, 0.0, -0.38366523, 0.0, 1.0, 0.0, 0.38366523, 0.0, 0.92347246]
44.710476,0.0,290.35178, [0.92347246, 0.0, -0.38366523, 0.0, 1.0, 0.0, 0.38366523, 0.0, 0.92347246]
44.816902,0.0,290.60794, [0.92347246, 0.0, -0.38366523, 0.0, 1.0, 0.0, 0.38366523, 0.0, 0.92347246]
44.922188,0.0,290.86136, [0.92347246, 0.0, -0.38366523, 0.0, 1.0, 0.0, 0.38366523, 0.0, 0.92347246]
45.029545,0.0,291.11975, [0.92347246, 0.0, -0.38366523, 0.0, 1.0, 0.0, 0.38366523, 0.0, 0.92347246]
45.13573,0.0,291.37534, [0.92347246, 0.0, -0.38366523, 0.0, 1.0, 0.0, 0.38366523, 0.0, 0.92347246]
45.24459,0.0,291.63736, [0.92347246, 0.0, -0.38366523, 0.0, 1.0, 0.0, 0.38366523, 0.0, 0.92347246]
45.352745,0.0,291.89767, [0.92347246, 0.0, -0.38366523, 0.0, 1.0, 0.0, 0.38366523, 0.0, 0.92347246]
45.45483,0.0,292.14337, [0.92347246, 0.0, -0.38366523, 0.0, 1.0, 0.0, 0.38366523, 0.0, 0.92347246]
45.56169,0.0,292.40057, [0.92347246, 0.0, -0.38366523, 0.0, 1.0, 0.0, 0.38366523, 0.0, 0.92347246]
45.66821,0.0,292.65695, [0.92347246, 0.0, -0.38366523, 0.0, 1.0, 0.0, 0.38366523, 0.0, 0.92347246]
45.776733,0.0,292.91815, [0.92347246, 0.0, -0.38366523, 0.0, 1.0, 0.0, 0.38366523, 0.0, 0.92347246]
45.88375,0.0,293.17575, [0.92347246, 0.0, -0.38366523, 0.0, 1.0, 0.0, 0.38366523, 0.0, 0.92347246]
45.987774,0.0,293.42612, [0.92347246, 0.0, -0.38366523, 0.0, 1.0, 0.0, 0.38366523, 0.0, 0.92347246]
46.09475,0.0,293.6836, [0.92347246, 0.0, -0.38366523, 0.0, 1.0, 0.0, 0.38366523, 0.0, 0.92347246]
46.20155,0.0,293.94067, [0.92347246, 0.0, -0.38366523, 0.0, 1.0, 0.0, 0.38366523, 0.0, 0.92347246]
46.309708,0.0,294.20102, [0.92347246, 0.0, -0.38366523, 0.0, 1.0, 0.0, 0.38366523, 0.0, 0.92347246]
46.417824,0.0,294.46124, [0.92347246, 0.0, -0.38366523, 0.0, 1.0, 0.0, 0.38366523, 0.0, 0.92347246]
46.52048,0.0,294.70834, [0.92347246, 0.0, -0.38366523, 0.0, 1.0, 0.0, 0.38366523, 0.0, 0.92347246]
46.62648,0.0,294.96347, [0.92347246, 0.0, -0.38366523, 0.0, 1.0, 0.0, 0.38366523, 0.0, 0.92347246]
46.733616,0.0,295.22134, [0.92347246, 0.0, -0.38366523, 0.0, 1.0, 0.0, 0.38366523, 0.0, 0.92347246]
46.841064,0.0,295.47998, [0.92347246, 0.0, -0.38366523, 0.0, 1.0, 0.0, 0.38366523, 0.0, 0.92347246]
46.95087,0.0,295.7443, [0.92347246, 0.0, -0.38366523, 0.0, 1.0, 0.0, 0.38366523, 0.0, 0.92347246]
47.0536,0.0,295.99158, [0.92347246, 0.0, -0.38366523, 0.0, 1.0, 0.0, 0.38366523, 0.0, 0.92347246]
47.16004,0.0,296.24777, [0.92347246, 0.0, -0.38366523, 0.0, 1.0, 0.0, 0.38366523, 0.0, 0.92347246]
47.26652,0.0,296.50406, [0.92347246, 0.0, -0.38366523, 0.0, 1.0, 0.0, 0.38366523, 0.0, 0.92347246]
47.37379,0.0,296.76227, [0.92347246, 0.0, -0.38366523, 0.0, 1.0, 0.0, 0.38366523, 0.0, 0.92347246]
47.4808,0.0,297.01984, [0.92347246, 0.0, -0.38366523, 0.0, 1.0, 0.0, 0.38366523, 0.0, 0.92347246]
47.585117,0.0,297.27094, [0.92347246, 0.0, -0.38366523, 0.0, 1.0, 0.0, 0.38366523, 0.0, 0.92347246]
47.69183,0.0,297.5278, [0.92347246, 0.0, -0.38366523, 0.0, 1.0, 0.0, 0.38366523, 0.0, 0.92347246]
47.798843,0.0,297.78537, [0.92347246, 0.0, -0.38366523, 0.0, 1.0, 0.0, 0.38366523, 0.0, 0.92347246]
47.907856,0.0,298.04776, [0.92347246, 0.0, -0.38366523, 0.0, 1.0, 0.0, 0.38366523, 0.0, 0.92347246]
48.011684,0.0,298.29767, [0.92347246, 0.0, -0.38366523, 0.0, 1.0, 0.0, 0.38366523, 0.0, 0.92347246]
48.118664,0.0,298.55518, [0.92347246, 0.0, -0.38366523, 0.0, 1.0, 0.0, 0.38366523, 0.0, 0.92347246]
48.225002,0.0,298.81113, [0.92347246, 0.0, -0.38366523, 0.0, 1.0, 0.0, 0.38366523, 0.0, 0.92347246]
48.332806,0.0,299.07062, [0.92347246, 0.0, -0.38366523, 0.0, 1.0, 0.0, 0.38366523, 0.0, 0.92347246]
48.44253,0.0,299.33472, [0.92347246, 0.0, -0.38366523, 0.0, 1.0, 0.0, 0.38366523, 0.0, 0.92347246]
48.57249,0.0,299.64862, [0.92415166, 0.0, -0.38202637, 0.0, 1.0, 0.0, 0.38202637, 0.0, 0.92415166]
48.703568,0.0,299.96677, [0.92478603, 0.0, -0.38048822, 0.0, 1.0, 0.0, 0.38048822, 0.0, 0.92478603]
48.836052,0.0,300.29083, [0.92598224, 0.0, -0.37756762, 0.0, 1.0, 0.0, 0.37756762, 0.0, 0.92598224]
48.967655,0.0,300.61664, [0.92774296, 0.0, -0.37322035, 0.0, 1.0, 0.0, 0.37322035, 0.0, 0.92774296]
49.0959,0.0,300.93848, [0.9294854, 0.0, -0.36885944, 0.0, 1.0, 0.0, 0.36885944, 0.0, 0.9294854]
49.221287,0.0,301.25812, [0.93154764, 0.0, -0.36361977, 0.0, 1.0, 0.0, 0.36361977, 0.0, 0.93154764]
49.347034,0.0,301.58432, [0.93370694, 0.0, -0.35803884, 0.0, 1.0, 0.0, 0.35803884, 0.0, 0.93370694]
49.469402,0.0,301.90753, [0.9358845, 0.0, -0.35230768, 0.0, 1.0, 0.0, 0.35230768, 0.0, 0.9358845]
49.590584,0.0,302.2336, [0.9379839, 0.0, -0.34667942, 0.0, 1.0, 0.0, 0.34667942, 0.0, 0.9379839]
49.710682,0.0,302.5629, [0.9400767, 0.0, -0.34096342, 0.0, 1.0, 0.0, 0.34096342, 0.0, 0.9400767]
49.82696,0.0,302.88782, [0.9421472, 0.0, -0.33519974, 0.0, 1.0, 0.0, 0.33519974, 0.0, 0.9421472]
49.941776,0.0,303.2149, [0.9441405, 0.0, -0.3295434, 0.0, 1.0, 0.0, 0.3295434, 0.0, 0.9441405]
50.054413,0.0,303.54205, [0.94612104, 0.0, -0.32381344, 0.0, 1.0, 0.0, 0.32381344, 0.0, 0.94612104]
50.16585,0.0,303.87222, [0.94805723, 0.0, -0.31809998, 0.0, 1.0, 0.0, 0.31809998, 0.0, 0.94805723]
50.276028,0.0,304.2053, [0.94997805, 0.0, -0.31231675, 0.0, 1.0, 0.0, 0.31231675, 0.0, 0.94997805]
50.382236,0.0,304.53305, [0.95187473, 0.0, -0.3064875, 0.0, 1.0, 0.0, 0.3064875, 0.0, 0.95187473]
50.48686,0.0,304.86273, [0.9536916, 0.0, -0.30078635, 0.0, 1.0, 0.0, 0.30078635, 0.0, 0.9536916]
50.589836,0.0,305.19415, [0.95549375, 0.0, -0.29501137, 0.0, 1.0, 0.0, 0.29501137, 0.0, 0.95549375]
50.694244,0.0,305.53757, [0.9572636, 0.0, -0.28921705, 0.0, 1.0, 0.0, 0.28921705, 0.0, 0.9572636]
50.79002,0.0,305.85953, [0.959071, 0.0, -0.28316584, 0.0, 1.0, 0.0, 0.28316584, 0.0, 0.959071]
50.885807,0.0,306.1889, [0.96068317, 0.0, -0.27764708, 0.0, 1.0, 0.0, 0.27764708, 0.0, 0.96068317]
50.98159,0.0,306.52567, [0.96234417, 0.0, -0.27183396, 0.0, 1.0, 0.0, 0.27183396, 0.0, 0.96234417]
51.07517,0.0,306.86145, [0.9636975, 0.0, -0.26699647, 0.0, 1.0, 0.0, 0.26699647, 0.0, 0.9636975]
51.167465,0.0,307.1968, [0.9643419, 0.0, -0.26465973, 0.0, 1.0, 0.0, 0.26465973, 0.0, 0.9643419]
51.258877,0.0,307.5321, [0.96498024, 0.0, -0.26232266, 0.0, 1.0, 0.0, 0.26232266, 0.0, 0.96498024]
51.33116,0.0,307.798, [0.96498024, 0.0, -0.26232266, 0.0, 1.0, 0.0, 0.26232266, 0.0, 0.96498024]
51.404106,0.0,308.06635, [0.96498024, 0.0, -0.26232266, 0.0, 1.0, 0.0, 0.26232266, 0.0, 0.96498024]
51.478107,0.0,308.33856, [0.96498024, 0.0, -0.26232266, 0.0, 1.0, 0.0, 0.26232266, 0.0, 0.96498024]
51.55274,0.0,308.6131, [0.96498024, 0.0, -0.26232266, 0.0, 1.0, 0.0, 0.26232266, 0.0, 0.96498024]
51.62193,0.0,308.8676, [0.96498024, 0.0, -0.26232266, 0.0, 1.0, 0.0, 0.26232266, 0.0, 0.96498024]
51.69483,0.0,309.1358, [0.96498024, 0.0, -0.26232266, 0.0, 1.0, 0.0, 0.26232266, 0.0, 0.96498024]
51.76764,0.0,309.40363, [0.96498024, 0.0, -0.26232266, 0.0, 1.0, 0.0, 0.26232266, 0.0, 0.96498024]
51.841785,0.0,309.6764, [0.96498024, 0.0, -0.26232266, 0.0, 1.0, 0.0, 0.26232266, 0.0, 0.96498024]
51.916588,0.0,309.95157, [0.96498024, 0.0, -0.26232266, 0.0, 1.0, 0.0, 0.26232266, 0.0, 0.96498024]
51.986446,0.0,310.20856, [0.96498024, 0.0, -0.26232266, 0.0, 1.0, 0.0, 0.26232266, 0.0, 0.96498024]
52.059216,0.0,310.47623, [0.96498024, 0.0, -0.26232266, 0.0, 1.0, 0.0, 0.26232266, 0.0, 0.96498024]
52.132385,0.0,310.7454, [0.96498024, 0.0, -0.26232266, 0.0, 1.0, 0.0, 0.26232266, 0.0, 0.96498024]
52.2066,0.0,311.0184, [0.96498024, 0.0, -0.26232266, 0.0, 1.0, 0.0, 0.26232266, 0.0, 0.96498024]
52.27958,0.0,311.28687, [0.96498024, 0.0, -0.26232266, 0.0, 1.0, 0.0, 0.26232266, 0.0, 0.96498024]
52.350758,0.0,311.5487, [0.96498024, 0.0, -0.26232266, 0.0, 1.0, 0.0, 0.26232266, 0.0, 0.96498024]
52.42341,0.0,311.81595, [0.96498024, 0.0, -0.26232266, 0.0, 1.0, 0.0, 0.26232266, 0.0, 0.96498024]
52.496292,0.0,312.08405, [0.96498024, 0.0, -0.26232266, 0.0, 1.0, 0.0, 0.26232266, 0.0, 0.96498024]
52.57071,0.0,312.3578, [0.96498024, 0.0, -0.26232266, 0.0, 1.0, 0.0, 0.26232266, 0.0, 0.96498024]
52.64423,0.0,312.62823, [0.96498024, 0.0, -0.26232266, 0.0, 1.0, 0.0, 0.26232266, 0.0, 0.96498024]
52.7147,0.0,312.88745, [0.96498024, 0.0, -0.26232266, 0.0, 1.0, 0.0, 0.26232266, 0.0, 0.96498024]
52.7876,0.0,313.15564, [0.96498024, 0.0, -0.26232266, 0.0, 1.0, 0.0, 0.26232266, 0.0, 0.96498024]
52.860653,0.0,313.42438, [0.96498024, 0.0, -0.26232266, 0.0, 1.0, 0.0, 0.26232266, 0.0, 0.96498024]
52.935577,0.0,313.69998, [0.96498024, 0.0, -0.26232266, 0.0, 1.0, 0.0, 0.26232266, 0.0, 0.96498024]
53.006783,0.0,313.9619, [0.96498024, 0.0, -0.26232266, 0.0, 1.0, 0.0, 0.26232266, 0.0, 0.96498024]
53.079285,0.0,314.22864, [0.96498024, 0.0, -0.26232266, 0.0, 1.0, 0.0, 0.26232266, 0.0, 0.96498024]
53.152206,0.0,314.4969, [0.96498024, 0.0, -0.26232266, 0.0, 1.0, 0.0, 0.26232266, 0.0, 0.96498024]
53.2253,0.0,314.76578, [0.96498024, 0.0, -0.26232266, 0.0, 1.0, 0.0, 0.26232266, 0.0, 0.96498024]
53.3008,0.0,315.04352, [0.96498024, 0.0, -0.26232266, 0.0, 1.0, 0.0, 0.26232266, 0.0, 0.96498024]
53.371532,0.0,315.3037, [0.96498024, 0.0, -0.26232266, 0.0, 1.0, 0.0, 0.26232266, 0.0, 0.96498024]
53.443703,0.0,315.5692, [0.96498024, 0.0, -0.26232266, 0.0, 1.0, 0.0, 0.26232266, 0.0, 0.96498024]
53.516865,0.0,315.83835, [0.96498024, 0.0, -0.26232266, 0.0, 1.0, 0.0, 0.26232266, 0.0, 0.96498024]
53.5894,0.0,316.1052, [0.96498024, 0.0, -0.26232266, 0.0, 1.0, 0.0, 0.26232266, 0.0, 0.96498024]
53.66442,0.0,316.38116, [0.96498024, 0.0, -0.26232266, 0.0, 1.0, 0.0, 0.26232266, 0.0, 0.96498024]
53.735706,0.0,316.6434, [0.96498024, 0.0, -0.26232266, 0.0, 1.0, 0.0, 0.26232266, 0.0, 0.96498024]
53.8078,0.0,316.9086, [0.96498024, 0.0, -0.26232266, 0.0, 1.0, 0.0, 0.26232266, 0.0, 0.96498024]
53.88121,0.0,317.17865, [0.96498024, 0.0, -0.26232266, 0.0, 1.0, 0.0, 0.26232266, 0.0, 0.96498024]
53.95478,0.0,317.44928, [0.96498024, 0.0, -0.26232266, 0.0, 1.0, 0.0, 0.26232266, 0.0, 0.96498024]
54.028008,0.0,317.71866, [0.96498024, 0.0, -0.26232266, 0.0, 1.0, 0.0, 0.26232266, 0.0, 0.96498024]
54.099438,0.0,317.9814, [0.96498024, 0.0, -0.26232266, 0.0, 1.0, 0.0, 0.26232266, 0.0, 0.96498024]
54.172363,0.0,318.2497, [0.96498024, 0.0, -0.26232266, 0.0, 1.0, 0.0, 0.26232266, 0.0, 0.96498024]
54.245277,0.0,318.5179, [0.96498024, 0.0, -0.26232266, 0.0, 1.0, 0.0, 0.26232266, 0.0, 0.96498024]
54.319202,0.0,318.78986, [0.96498024, 0.0, -0.26232266, 0.0, 1.0, 0.0, 0.26232266, 0.0, 0.96498024]
54.39247,0.0,319.0594, [0.96498024, 0.0, -0.26232266, 0.0, 1.0, 0.0, 0.26232266, 0.0, 0.96498024]
54.4642,0.0,319.32324, [0.96498024, 0.0, -0.26232266, 0.0, 1.0, 0.0, 0.26232266, 0.0, 0.96498024]
54.53768,0.0,319.59354, [0.96498024, 0.0, -0.26232266, 0.0, 1.0, 0.0, 0.26232266, 0.0, 0.96498024]
54.61057,0.0,319.86166, [0.96498024, 0.0, -0.26232266, 0.0, 1.0, 0.0, 0.26232266, 0.0, 0.96498024]
54.683765,0.0,320.13092, [0.96498024, 0.0, -0.26232266, 0.0, 1.0, 0.0, 0.26232266, 0.0, 0.96498024]
54.757183,0.0,320.401, [0.96498024, 0.0, -0.26232266, 0.0, 1.0, 0.0, 0.26232266, 0.0, 0.96498024]
54.828518,0.0,320.66342, [0.96498024, 0.0, -0.26232266, 0.0, 1.0, 0.0, 0.26232266, 0.0, 0.96498024]
54.90217,0.0,320.93436, [0.96498024, 0.0, -0.26232266, 0.0, 1.0, 0.0, 0.26232266, 0.0, 0.96498024]
54.97479,0.0,321.2015, [0.96498024, 0.0, -0.26232266, 0.0, 1.0, 0.0, 0.26232266, 0.0, 0.96498024]
55.04918,0.0,321.47516, [0.96498024, 0.0, -0.26232266, 0.0, 1.0, 0.0, 0.26232266, 0.0, 0.96498024]
55.121353,0.0,321.74066, [0.96498024, 0.0, -0.26232266, 0.0, 1.0, 0.0, 0.26232266, 0.0, 0.96498024]
55.193542,0.0,322.00623, [0.96498024, 0.0, -0.26232266, 0.0, 1.0, 0.0, 0.26232266, 0.0, 0.96498024]
55.26553,0.0,322.27103, [0.96498024, 0.0, -0.26232266, 0.0, 1.0, 0.0, 0.26232266, 0.0, 0.96498024]
55.338856,0.0,322.54077, [0.96498024, 0.0, -0.26232266, 0.0, 1.0, 0.0, 0.26232266, 0.0, 0.96498024]
55.41303,0.0,322.81363, [0.96498024, 0.0, -0.26232266, 0.0, 1.0, 0.0, 0.26232266, 0.0, 0.96498024]
55.48429,0.0,323.07578, [0.96498024, 0.0, -0.26232266, 0.0, 1.0, 0.0, 0.26232266, 0.0, 0.96498024]
55.55797,0.0,323.3468, [0.96498024, 0.0, -0.26232266, 0.0, 1.0, 0.0, 0.26232266, 0.0, 0.96498024]
55.630516,0.0,323.61368, [0.96498024, 0.0, -0.26232266, 0.0, 1.0, 0.0, 0.26232266, 0.0, 0.96498024]
55.703796,0.0,323.88324, [0.96498024, 0.0, -0.26232266, 0.0, 1.0, 0.0, 0.26232266, 0.0, 0.96498024]
55.777313,0.0,324.1537, [0.96498024, 0.0, -0.26232266, 0.0, 1.0, 0.0, 0.26232266, 0.0, 0.96498024]
55.849174,0.0,324.41803, [0.96498024, 0.0, -0.26232266, 0.0, 1.0, 0.0, 0.26232266, 0.0, 0.96498024]
55.9215,0.0,324.68408, [0.96498024, 0.0, -0.26232266, 0.0, 1.0, 0.0, 0.26232266, 0.0, 0.96498024]
55.993824,0.0,324.95013, [0.96498024, 0.0, -0.26232266, 0.0, 1.0, 0.0, 0.26232266, 0.0, 0.96498024]
56.067642,0.0,325.22168, [0.96498024, 0.0, -0.26232266, 0.0, 1.0, 0.0, 0.26232266, 0.0, 0.96498024]
56.141792,0.0,325.49445, [0.96498024, 0.0, -0.26232266, 0.0, 1.0, 0.0, 0.26232266, 0.0, 0.96498024]
56.21333,0.0,325.7576, [0.96498024, 0.0, -0.26232266, 0.0, 1.0, 0.0, 0.26232266, 0.0, 0.96498024]
56.285873,0.0,326.02448, [0.96498024, 0.0, -0.26232266, 0.0, 1.0, 0.0, 0.26232266, 0.0, 0.96498024]
56.358685,0.0,326.29233, [0.96498024, 0.0, -0.26232266, 0.0, 1.0, 0.0, 0.26232266, 0.0, 0.96498024]
56.432182,0.0,326.5627, [0.96498024, 0.0, -0.26232266, 0.0, 1.0, 0.0, 0.26232266, 0.0, 0.96498024]
56.50961,0.0,326.84753, [0.96498024, 0.0, -0.26232266, 0.0, 1.0, 0.0, 0.26232266, 0.0, 0.96498024]
56.577328,0.0,327.09665, [0.96498024, 0.0, -0.26232266, 0.0, 1.0, 0.0, 0.26232266, 0.0, 0.96498024]
56.64877,0.0,327.35947, [0.96498024, 0.0, -0.26232266, 0.0, 1.0, 0.0, 0.26232266, 0.0, 0.96498024]
56.721405,0.0,327.62665, [0.96498024, 0.0, -0.26232266, 0.0, 1.0, 0.0, 0.26232266, 0.0, 0.96498024]
56.795624,0.0,327.8997, [0.96498024, 0.0, -0.26232266, 0.0, 1.0, 0.0, 0.26232266, 0.0, 0.96498024]
56.86888,0.0,328.16916, [0.96498024, 0.0, -0.26232266, 0.0, 1.0, 0.0, 0.26232266, 0.0, 0.96498024]
56.94105,0.0,328.43463, [0.96498024, 0.0, -0.26232266, 0.0, 1.0, 0.0, 0.26232266, 0.0, 0.96498024]
57.012894,0.0,328.6989, [0.96498024, 0.0, -0.26232266, 0.0, 1.0, 0.0, 0.26232266, 0.0, 0.96498024]
57.0869,0.0,328.97116, [0.96498024, 0.0, -0.26232266, 0.0, 1.0, 0.0, 0.26232266, 0.0, 0.96498024]
57.16068,0.0,329.24258, [0.96498024, 0.0, -0.26232266, 0.0, 1.0, 0.0, 0.26232266, 0.0, 0.96498024]
57.23177,0.0,329.5041, [0.96498024, 0.0, -0.26232266, 0.0, 1.0, 0.0, 0.26232266, 0.0, 0.96498024]
57.305035,0.0,329.7736, [0.96498024, 0.0, -0.26232266, 0.0, 1.0, 0.0, 0.26232266, 0.0, 0.96498024]
57.377014,0.0,330.03836, [0.96498024, 0.0, -0.26232266, 0.0, 1.0, 0.0, 0.26232266, 0.0, 0.96498024]
57.45175,0.0,330.3133, [0.96498024, 0.0, -0.26232266, 0.0, 1.0, 0.0, 0.26232266, 0.0, 0.96498024]
57.525143,0.0,330.58328, [0.96498024, 0.0, -0.26232266, 0.0, 1.0, 0.0, 0.26232266, 0.0, 0.96498024]
57.5969,0.0,330.84726, [0.96498024, 0.0, -0.26232266, 0.0, 1.0, 0.0, 0.26232266, 0.0, 0.96498024]
57.669823,0.0,331.1155, [0.96498024, 0.0, -0.26232266, 0.0, 1.0, 0.0, 0.26232266, 0.0, 0.96498024]
57.74262,0.0,331.3833, [0.96498024, 0.0, -0.26232266, 0.0, 1.0, 0.0, 0.26232266, 0.0, 0.96498024]
57.815353,0.0,331.65085, [0.96498024, 0.0, -0.26232266, 0.0, 1.0, 0.0, 0.26232266, 0.0, 0.96498024]
57.907955,0.0,331.98926, [0.9644918, 0.0, -0.26411298, 0.0, 1.0, 0.0, 0.26411298, 0.0, 0.9644918]
58.000637,0.0,332.32303, [0.96343505, 0.0, -0.26794213, 0.0, 1.0, 0.0, 0.26794213, 0.0, 0.96343505]
58.094204,0.0,332.65268, [0.9618466, 0.0, -0.27358943, 0.0, 1.0, 0.0, 0.27358943, 0.0, 0.9618466]
58.19214,0.0,332.99026, [0.9602388, 0.0, -0.27918, 0.0, 1.0, 0.0, 0.27918, 0.0, 0.9602388]
58.29056,0.0,333.32193, [0.9584966, 0.0, -0.28510424, 0.0, 1.0, 0.0, 0.28510424, 0.0, 0.9584966]
58.39177,0.0,333.65558, [0.95676774, 0.0, -0.29085338, 0.0, 1.0, 0.0, 0.29085338, 0.0, 0.95676774]
58.493015,0.0,333.98218, [0.9549743, 0.0, -0.29668894, 0.0, 1.0, 0.0, 0.29668894, 0.0, 0.9549743]
58.597485,0.0,334.31223, [0.9531972, 0.0, -0.3023498, 0.0, 1.0, 0.0, 0.3023498, 0.0, 0.9531972]
58.704777,0.0,334.64417, [0.9513448, 0.0, -0.30812874, 0.0, 1.0, 0.0, 0.30812874, 0.0, 0.9513448]
58.815582,0.0,334.97998, [0.94944966, 0.0, -0.31391975, 0.0, 1.0, 0.0, 0.31391975, 0.0, 0.94944966]
58.924583,0.0,335.30362, [0.9474879, 0.0, -0.31979185, 0.0, 1.0, 0.0, 0.31979185, 0.0, 0.9474879]
59.03652,0.0,335.62952, [0.94558394, 0.0, -0.3253785, 0.0, 1.0, 0.0, 0.3253785, 0.0, 0.94558394]
59.151108,0.0,335.95673, [0.9436009, 0.0, -0.33108553, 0.0, 1.0, 0.0, 0.33108553, 0.0, 0.9436009]
59.268833,0.0,336.2865, [0.94157964, 0.0, -0.3367909, 0.0, 1.0, 0.0, 0.3367909, 0.0, 0.94157964]
59.389233,0.0,336.61737, [0.93949896, 0.0, -0.34255207, 0.0, 1.0, 0.0, 0.34255207, 0.0, 0.93949896]
59.50915,0.0,336.9407, [0.9373747, 0.0, -0.34832293, 0.0, 1.0, 0.0, 0.34832293, 0.0, 0.9373747]
59.631584,0.0,337.26483, [0.9352729, 0.0, -0.3539278, 0.0, 1.0, 0.0, 0.3539278, 0.0, 0.9352729]
59.754963,0.0,337.5856, [0.93311024, 0.0, -0.35959086, 0.0, 1.0, 0.0, 0.35959086, 0.0, 0.93311024]
59.883183,0.0,337.91306, [0.93094265, 0.0, -0.36516583, 0.0, 1.0, 0.0, 0.36516583, 0.0, 0.93094265]
60.013107,0.0,338.23892, [0.92866963, 0.0, -0.37090832, 0.0, 1.0, 0.0, 0.37090832, 0.0, 0.92866963]
60.142487,0.0,338.55777, [0.9263862, 0.0, -0.3765752, 0.0, 1.0, 0.0, 0.3765752, 0.0, 0.9263862]
60.27368,0.0,338.87558, [0.924118, 0.0, -0.3821075, 0.0, 1.0, 0.0, 0.3821075, 0.0, 0.924118]
60.40774,0.0,339.1949, [0.9218063, 0.0, -0.38765103, 0.0, 1.0, 0.0, 0.38765103, 0.0, 0.9218063]
60.545372,0.0,339.5172, [0.9194427, 0.0, -0.3932242, 0.0, 1.0, 0.0, 0.3932242, 0.0, 0.9194427]
60.685757,0.0,339.84048, [0.9170138, 0.0, -0.39885554, 0.0, 1.0, 0.0, 0.39885554, 0.0, 0.9170138]
60.82326,0.0,340.15192, [0.9145412, 0.0, -0.40449288, 0.0, 1.0, 0.0, 0.40449288, 0.0, 0.9145412]
60.965908,0.0,340.46985, [0.9121438, 0.0, -0.40987042, 0.0, 1.0, 0.0, 0.40987042, 0.0, 0.9121438]
61.110218,0.0,340.78635, [0.9096142, 0.0, -0.41545418, 0.0, 1.0, 0.0, 0.41545418, 0.0, 0.9096142]
61.256973,0.0,341.10306, [0.9070817, 0.0, -0.42095476, 0.0, 1.0, 0.0, 0.42095476, 0.0, 0.9070817]
61.40594,0.0,341.4195, [0.9044965, 0.0, -0.4264813, 0.0, 1.0, 0.0, 0.4264813, 0.0, 0.9044965]
61.554253,0.0,341.7296, [0.90187615, 0.0, -0.43199483, 0.0, 1.0, 0.0, 0.43199483, 0.0, 0.90187615]
61.704575,0.0,342.03915, [0.89927965, 0.0, -0.43737423, 0.0, 1.0, 0.0, 0.43737423, 0.0, 0.89927965]
61.858463,0.0,342.35126, [0.8966332, 0.0, -0.4427743, 0.0, 1.0, 0.0, 0.4427743, 0.0, 0.8966332]
62.01383,0.0,342.6616, [0.893921, 0.0, -0.4482247, 0.0, 1.0, 0.0, 0.4482247, 0.0, 0.893921]
62.171978,0.0,342.97278, [0.8911934, 0.0, -0.4536238, 0.0, 1.0, 0.0, 0.4536238, 0.0, 0.8911934]
62.32992,0.0,343.2789, [0.88840866, 0.0, -0.45905375, 0.0, 1.0, 0.0, 0.45905375, 0.0, 0.88840866]
62.491867,0.0,343.58823, [0.88564336, 0.0, -0.46436638, 0.0, 1.0, 0.0, 0.46436638, 0.0, 0.88564336]
62.653748,0.0,343.89288, [0.88278514, 0.0, -0.46977726, 0.0, 1.0, 0.0, 0.46977726, 0.0, 0.88278514]
62.81956,0.0,344.20074, [0.8801545, 0.0, -0.47468764, 0.0, 1.0, 0.0, 0.47468764, 0.0, 0.8801545]
62.986435,0.0,344.5064, [0.8774373, 0.0, -0.47969165, 0.0, 1.0, 0.0, 0.47969165, 0.0, 0.8774373]
63.153053,0.0,344.80942, [0.8761331, 0.0, -0.48206964, 0.0, 1.0, 0.0, 0.48206964, 0.0, 0.8761331]
63.28865,0.0,345.05585, [0.8761331, 0.0, -0.48206964, 0.0, 1.0, 0.0, 0.48206964, 0.0, 0.8761331]
63.42178,0.0,345.2978, [0.8761331, 0.0, -0.48206964, 0.0, 1.0, 0.0, 0.48206964, 0.0, 0.8761331]
63.557564,0.0,345.54456, [0.8761331, 0.0, -0.48206964, 0.0, 1.0, 0.0, 0.48206964, 0.0, 0.8761331]
63.689846,0.0,345.78497, [0.8761331, 0.0, -0.48206964, 0.0, 1.0, 0.0, 0.48206964, 0.0, 0.8761331]
63.82321,0.0,346.02737, [0.8761331, 0.0, -0.48206964, 0.0, 1.0, 0.0, 0.48206964, 0.0, 0.8761331]
63.956585,0.0,346.26978, [0.8761331, 0.0, -0.48206964, 0.0, 1.0, 0.0, 0.48206964, 0.0, 0.8761331]
64.09277,0.0,346.5173, [0.8761331, 0.0, -0.48206964, 0.0, 1.0, 0.0, 0.48206964, 0.0, 0.8761331]
64.23045,0.0,346.76752, [0.8761331, 0.0, -0.48206964, 0.0, 1.0, 0.0, 0.48206964, 0.0, 0.8761331]
64.35771,0.0,346.9988, [0.8761331, 0.0, -0.48206964, 0.0, 1.0, 0.0, 0.48206964, 0.0, 0.8761331]
64.49239,0.0,347.2436, [0.8761331, 0.0, -0.48206964, 0.0, 1.0, 0.0, 0.48206964, 0.0, 0.8761331]
64.62591,0.0,347.48624, [0.8761331, 0.0, -0.48206964, 0.0, 1.0, 0.0, 0.48206964, 0.0, 0.8761331]
64.759605,0.0,347.72922, [0.8761331, 0.0, -0.48206964, 0.0, 1.0, 0.0, 0.48206964, 0.0, 0.8761331]
64.895935,0.0,347.977, [0.8761331, 0.0, -0.48206964, 0.0, 1.0, 0.0, 0.48206964, 0.0, 0.8761331]
65.02845,0.0,348.21783, [0.8761331, 0.0, -0.48206964, 0.0, 1.0, 0.0, 0.48206964, 0.0, 0.8761331]
65.160286,0.0,348.45746, [0.8761331, 0.0, -0.48206964, 0.0, 1.0, 0.0, 0.48206964, 0.0, 0.8761331]
65.29516,0.0,348.70258, [0.8761331, 0.0, -0.48206964, 0.0, 1.0, 0.0, 0.48206964, 0.0, 0.8761331]
65.430435,0.0,348.94843, [0.8761331, 0.0, -0.48206964, 0.0, 1.0, 0.0, 0.48206964, 0.0, 0.8761331]
65.562675,0.0,349.18878, [0.8761331, 0.0, -0.48206964, 0.0, 1.0, 0.0, 0.48206964, 0.0, 0.8761331]
65.698746,0.0,349.4361, [0.8761331, 0.0, -0.48206964, 0.0, 1.0, 0.0, 0.48206964, 0.0, 0.8761331]
65.86647,0.0,349.739, [0.8747209, 0.0, -0.48462734, 0.0, 1.0, 0.0, 0.48462734, 0.0, 0.8747209]
66.0346,0.0,350.03912, [0.8721668, 0.0, -0.48920885, 0.0, 1.0, 0.0, 0.48920885, 0.0, 0.8721668]
66.20748,0.0,350.34393, [0.8695946, 0.0, -0.49376658, 0.0, 1.0, 0.0, 0.49376658, 0.0, 0.8695946]
66.379684,0.0,350.64334, [0.86654407, 0.0, -0.49910066, 0.0, 1.0, 0.0, 0.49910066, 0.0, 0.86654407]
66.55538,0.0,350.94464, [0.86353445, 0.0, -0.50428987, 0.0, 1.0, 0.0, 0.50428987, 0.0, 0.86353445]
66.73094,0.0,351.2415, [0.8604377, 0.0, -0.50955576, 0.0, 1.0, 0.0, 0.50955576, 0.0, 0.8604377]
66.91151,0.0,351.5427, [0.85736644, 0.0, -0.5147065, 0.0, 1.0, 0.0, 0.5147065, 0.0, 0.85736644]
67.09398,0.0,351.84286, [0.8541788, 0.0, -0.51997936, 0.0, 1.0, 0.0, 0.51997936, 0.0, 0.8541788]
67.27383,0.0,352.13467, [0.8509789, 0.0, -0.5251997, 0.0, 1.0, 0.0, 0.5251997, 0.0, 0.8509789]
67.457664,0.0,352.429, [0.8478403, 0.0, -0.5302514, 0.0, 1.0, 0.0, 0.5302514, 0.0, 0.8478403]
67.642975,0.0,352.7217, [0.8445989, 0.0, -0.5353994, 0.0, 1.0, 0.0, 0.5353994, 0.0, 0.8445989]
67.831024,0.0,353.01483, [0.8413513, 0.0, -0.5404885, 0.0, 1.0, 0.0, 0.5404885, 0.0, 0.8413513]
68.02276,0.0,353.3097, [0.8380451, 0.0, -0.5456007, 0.0, 1.0, 0.0, 0.5456007, 0.0, 0.8380451]
68.211334,0.0,353.5959, [0.8346731, 0.0, -0.5507455, 0.0, 1.0, 0.0, 0.5507455, 0.0, 0.8346731]
68.40267,0.0,353.8825, [0.8313875, 0.0, -0.55569285, 0.0, 1.0, 0.0, 0.55569285, 0.0, 0.8313875]
68.5967,0.0,354.1694, [0.8280196, 0.0, -0.56069887, 0.0, 1.0, 0.0, 0.56069887, 0.0, 0.8280196]
68.794624,0.0,354.45828, [0.8246137, 0.0, -0.56569606, 0.0, 1.0, 0.0, 0.56569606, 0.0, 0.8246137]
68.99289,0.0,354.7439, [0.8211319, 0.0, -0.57073826, 0.0, 1.0, 0.0, 0.57073826, 0.0, 0.8211319]
69.19068,0.0,355.02518, [0.8176622, 0.0, -0.57569814, 0.0, 1.0, 0.0, 0.57569814, 0.0, 0.8176622]
69.390945,0.0,355.3064, [0.81420004, 0.0, -0.5805842, 0.0, 1.0, 0.0, 0.5805842, 0.0, 0.81420004]
69.595856,0.0,355.59048, [0.8106819, 0.0, -0.58548677, 0.0, 1.0, 0.0, 0.58548677, 0.0, 0.8106819]
69.80216,0.0,355.87286, [0.807076, 0.0, -0.5904475, 0.0, 1.0, 0.0, 0.5904475, 0.0, 0.807076]
70.010895,0.0,356.1549, [0.80346173, 0.0, -0.5953563, 0.0, 1.0, 0.0, 0.5953563, 0.0, 0.80346173]
70.21513,0.0,356.4274, [0.7997966, 0.0, -0.600271, 0.0, 1.0, 0.0, 0.600271, 0.0, 0.7997966]
70.4247,0.0,356.70355, [0.7962434, 0.0, -0.6049762, 0.0, 1.0, 0.0, 0.6049762, 0.0, 0.7962434]
70.63647,0.0,356.97913, [0.79254526, 0.0, -0.6098129, 0.0, 1.0, 0.0, 0.6098129, 0.0, 0.79254526]
70.850204,0.0,357.25378, [0.7888355, 0.0, -0.61460423, 0.0, 1.0, 0.0, 0.61460423, 0.0, 0.7888355]
71.06618,0.0,357.52786, [0.78508556, 0.0, -0.61938715, 0.0, 1.0, 0.0, 0.61938715, 0.0, 0.78508556]
