40.0,0.0,239.40047, [1.0, 0.0, 0.0, 0.0, 1.0, 0.0, 0.0, 0.0, 1.0]
40.0,0.0,239.40454, [1.0, 0.0, 0.0, 0.0, 1.0, 0.0, 0.0, 0.0, 1.0]
40.0,0.0,239.4135, [1.0, 0.0, 0.0, 0.0, 1.0, 0.0, 0.0, 0.0, 1.0]
40.0,0.0,239.42722, [1.0, 0.0, 0.0, 0.0, 1.0, 0.0, 0.0, 0.0, 1.0]
40.0,0.0,239.44559, [1.0, 0.0, 0.0, 0.0, 1.0, 0.0, 0.0, 0.0, 1.0]
40.0,0.0,239.46878, [1.0, 0.0, 0.0, 0.0, 1.0, 0.0, 0.0, 0.0, 1.0]
40.0,0.0,239.49776, [1.0, 0.0, 0.0, 0.0, 1.0, 0.0, 0.0, 0.0, 1.0]
40.0,0.0,239.53181, [1.0, 0.0, 0.0, 0.0, 1.0, 0.0, 0.0, 0.0, 1.0]
40.0,0.0,239.56834, [1.0, 0.0, 0.0, 0.0, 1.0, 0.0, 0.0, 0.0, 1.0]
40.0,0.0,239.60957, [1.0, 0.0, 0.0, 0.0, 1.0, 0.0, 0.0, 0.0, 1.0]
40.0,0.0,239.65721, [1.0, 0.0, 0.0, 0.0, 1.0, 0.0, 0.0, 0.0, 1.0]
40.0,0.0,239.71114, [1.0, 0.0, 0.0, 0.0, 1.0, 0.0, 0.0, 0.0, 1.0]
40.0,0.0,239.77039, [1.0, 0.0, 0.0, 0.0, 1.0, 0.0, 0.0, 0.0, 1.0]
40.0,0.0,239.83038, [1.0, 0.0, 0.0, 0.0, 1.0, 0.0, 0.0, 0.0, 1.0]
40.0,0.0,239.8946, [1.0, 0.0, 0.0, 0.0, 1.0, 0.0, 0.0, 0.0, 1.0]
40.0,0.0,239.96532, [1.0, 0.0, 0.0, 0.0, 1.0, 0.0, 0.0, 0.0, 1.0]
40.0,0.0,240.0455, [1.0, 0.0, 0.0, 0.0, 1.0, 0.0, 0.0, 0.0, 1.0]
40.0,0.0,240.13089, [1.0, 0.0, 0.0, 0.0, 1.0, 0.0, 0.0, 0.0, 1.0]
40.0,0.0,240.2125, [1.0, 0.0, 0.0, 0.0, 1.0, 0.0, 0.0, 0.0, 1.0]
40.0,0.0,240.29903, [1.0, 0.0, 0.0, 0.0, 1.0, 0.0, 0.0, 0.0, 1.0]
40.0,0.0,240.39482, [1.0, 0.0, 0.0, 0.0, 1.0, 0.0, 0.0, 0.0, 1.0]
40.0,0.0,240.49815, [1.0, 0.0, 0.0, 0.0, 1.0, 0.0, 0.0, 0.0, 1.0]
40.0,0.0,240.60646, [1.0, 0.0, 0.0, 0.0, 1.0, 0.0, 0.0, 0.0, 1.0]
40.0,0.0,240.7134, [1.0, 0.0, 0.0, 0.0, 1.0, 0.0, 0.0, 0.0, 1.0]
40.0,0.0,240.82503, [1.0, 0.0, 0.0, 0.0, 1.0, 0.0, 0.0, 0.0, 1.0]
40.0,0.0,240.94559, [1.0, 0.0, 0.0, 0.0, 1.0, 0.0, 0.0, 0.0, 1.0]
40.0,0.0,241.07161, [1.0, 0.0, 0.0, 0.0, 1.0, 0.0, 0.0, 0.0, 1.0]
40.0,0.0,241.20534, [1.0, 0.0, 0.0, 0.0, 1.0, 0.0, 0.0, 0.0, 1.0]
40.0,0.0,241.33798, [1.0, 0.0, 0.0, 0.0, 1.0, 0.0, 0.0, 0.0, 1.0]
40.0,0.0,241.47173, [1.0, 0.0, 0.0, 0.0, 1.0, 0.0, 0.0, 0.0, 1.0]
40.0,0.0,241.61671, [1.0, 0.0, 0.0, 0.0, 1.0, 0.0, 0.0, 0.0, 1.0]
40.0,0.0,241.76859, [1.0, 0.0, 0.0, 0.0, 1.0, 0.0, 0.0, 0.0, 1.0]
40.0,0.0,241.92192, [1.0, 0.0, 0.0, 0.0, 1.0, 0.0, 0.0, 0.0, 1.0]
40.0,0.0,242.07909, [1.0, 0.0, 0.0, 0.0, 1.0, 0.0, 0.0, 0.0, 1.0]
40.0,0.0,242.24149, [1.0, 0.0, 0.0, 0.0, 1.0, 0.0, 0.0, 0.0, 1.0]
40.0,0.0,242.40936, [1.0, 0.0, 0.0, 0.0, 1.0, 0.0, 0.0, 0.0, 1.0]
40.0,0.0,242.58841, [1.0, 0.0, 0.0, 0.0, 1.0, 0.0, 0.0, 0.0, 1.0]
40.0,0.0,242.76353, [1.0, 0.0, 0.0, 0.0, 1.0, 0.0, 0.0, 0.0, 1.0]
40.0,0.0,242.93939, [1.0, 0.0, 0.0, 0.0, 1.0, 0.0, 0.0, 0.0, 1.0]
40.0,0.0,243.127, [1.0, 0.0, 0.0, 0.0, 1.0, 0.0, 0.0, 0.0, 1.0]
40.0,0.0,243.32372, [1.0, 0.0, 0.0, 0.0, 1.0, 0.0, 0.0, 0.0, 1.0]
40.0,0.0,243.52557, [1.0, 0.0, 0.0, 0.0, 1.0, 0.0, 0.0, 0.0, 1.0]
40.0,0.0,243.72235, [1.0, 0.0, 0.0, 0.0, 1.0, 0.0, 0.0, 0.0, 1.0]
40.0,0.0,243.92528, [1.0, 0.0, 0.0, 0.0, 1.0, 0.0, 0.0, 0.0, 1.0]
40.0,0.0,244.13612, [1.0, 0.0, 0.0, 0.0, 1.0, 0.0, 0.0, 0.0, 1.0]
40.0,0.0,244.35645, [1.0, 0.0, 0.0, 0.0, 1.0, 0.0, 0.0, 0.0, 1.0]
40.0,0.0,244.59483, [1.0, 0.0, 0.0, 0.0, 1.0, 0.0, 0.0, 0.0, 1.0]
40.0,0.0,244.81401, [1.0, 0.0, 0.0, 0.0, 1.0, 0.0, 0.0, 0.0, 1.0]
40.0,0.0,245.02753, [1.0, 0.0, 0.0, 0.0, 1.0, 0.0, 0.0, 0.0, 1.0]
40.0,0.0,245.26259, [1.0, 0.0, 0.0, 0.0, 1.0, 0.0, 0.0, 0.0, 1.0]
40.0,0.0,245.50903, [1.0, 0.0, 0.0, 0.0, 1.0, 0.0, 0.0, 0.0, 1.0]
40.0,0.0,245.76256, [1.0, 0.0, 0.0, 0.0, 1.0, 0.0, 0.0, 0.0, 1.0]
40.0,0.0,246.00601, [1.0, 0.0, 0.0, 0.0, 1.0, 0.0, 0.0, 0.0, 1.0]
40.0,0.0,246.25235, [1.0, 0.0, 0.0, 0.0, 1.0, 0.0, 0.0, 0.0, 1.0]
40.0,0.0,246.51411, [1.0, 0.0, 0.0, 0.0, 1.0, 0.0, 0.0, 0.0, 1.0]
40.0,0.0,246.78539, [1.0, 0.0, 0.0, 0.0, 1.0, 0.0, 0.0, 0.0, 1.0]
40.0,0.0,247.05296, [1.0, 0.0, 0.0, 0.0, 1.0, 0.0, 0.0, 0.0, 1.0]
40.0,0.0,247.38785, [1.0, 0.0, 0.0, 0.0, 1.0, 0.0, 0.0, 0.0, 1.0]
40.0,0.0,247.64886, [1.0, 0.0, 0.0, 0.0, 1.0, 0.0, 0.0, 0.0, 1.0]
40.0,0.0,247.86398, [1.0, 0.0, 0.0, 0.0, 1.0, 0.0, 0.0, 0.0, 1.0]
40.0,0.0,248.15866, [1.0, 0.0, 0.0, 0.0, 1.0, 0.0, 0.0, 0.0, 1.0]
40.0,0.0,248.44824, [1.0, 0.0, 0.0, 0.0, 1.0, 0.0, 0.0, 0.0, 1.0]
40.0,0.0,248.741, [1.0, 0.0, 0.0, 0.0, 1.0, 0.0, 0.0, 0.0, 1.0]
40.0,0.0,249.04329, [1.0, 0.0, 0.0, 0.0, 1.0, 0.0, 0.0, 0.0, 1.0]
40.0,0.0,249.36328, [1.0, 0.0, 0.0, 0.0, 1.0, 0.0, 0.0, 0.0, 1.0]
40.0,0.0,249.68527, [1.0, 0.0, 0.0, 0.0, 1.0, 0.0, 0.0, 0.0, 1.0]
40.0,0.0,249.98988, [1.0, 0.0, 0.0, 0.0, 1.0, 0.0, 0.0, 0.0, 1.0]
40.0,0.0,250.30255, [1.0, 0.0, 0.0, 0.0, 1.0, 0.0, 0.0, 0.0, 1.0]
40.0,0.0,250.62953, [1.0, 0.0, 0.0, 0.0, 1.0, 0.0, 0.0, 0.0, 1.0]
40.0,0.0,250.97208, [1.0, 0.0, 0.0, 0.0, 1.0, 0.0, 0.0, 0.0, 1.0]
40.0,0.0,251.3171, [1.0, 0.0, 0.0, 0.0, 1.0, 0.0, 0.0, 0.0, 1.0]
40.0,0.0,251.64735, [1.0, 0.0, 0.0, 0.0, 1.0, 0.0, 0.0, 0.0, 1.0]
40.0,0.0,251.98451, [1.0, 0.0, 0.0, 0.0, 1.0, 0.0, 0.0, 0.0, 1.0]
40.0,0.0,252.33603, [1.0, 0.0, 0.0, 0.0, 1.0, 0.0, 0.0, 0.0, 1.0]
40.0,0.0,252.69907, [1.0, 0.0, 0.0, 0.0, 1.0, 0.0, 0.0, 0.0, 1.0]
40.0,0.0,253.06563, [1.0, 0.0, 0.0, 0.0, 1.0, 0.0, 0.0, 0.0, 1.0]
40.0,0.0,253.42712, [1.0, 0.0, 0.0, 0.0, 1.0, 0.0, 0.0, 0.0, 1.0]
40.0,0.0,253.79713, [1.0, 0.0, 0.0, 0.0, 1.0, 0.0, 0.0, 0.0, 1.0]
40.0,0.0,254.17676, [1.0, 0.0, 0.0, 0.0, 1.0, 0.0, 0.0, 0.0, 1.0]
40.0,0.0,254.55429, [1.0, 0.0, 0.0, 0.0, 1.0, 0.0, 0.0, 0.0, 1.0]
40.0,0.0,254.93971, [1.0, 0.0, 0.0, 0.0, 1.0, 0.0, 0.0, 0.0, 1.0]
40.0,0.0,255.33553, [1.0, 0.0, 0.0, 0.0, 1.0, 0.0, 0.0, 0.0, 1.0]
40.0,0.0,255.72597, [1.0, 0.0, 0.0, 0.0, 1.0, 0.0, 0.0, 0.0, 1.0]
40.0,0.0,256.12457, [1.0, 0.0, 0.0, 0.0, 1.0, 0.0, 0.0, 0.0, 1.0]
40.0,0.0,256.53458, [1.0, 0.0, 0.0, 0.0, 1.0, 0.0, 0.0, 0.0, 1.0]
40.0,0.0,256.93713, [1.0, 0.0, 0.0, 0.0, 1.0, 0.0, 0.0, 0.0, 1.0]
40.0,0.0,257.34854, [1.0, 0.0, 0.0, 0.0, 1.0, 0.0, 0.0, 0.0, 1.0]
40.0,0.0,257.77438, [1.0, 0.0, 0.0, 0.0, 1.0, 0.0, 0.0, 0.0, 1.0]
40.0,0.0,258.2044, [1.0, 0.0, 0.0, 0.0, 1.0, 0.0, 0.0, 0.0, 1.0]
40.0,0.0,258.63498, [1.0, 0.0, 0.0, 0.0, 1.0, 0.0, 0.0, 0.0, 1.0]
40.0,0.0,259.05713, [1.0, 0.0, 0.0, 0.0, 1.0, 0.0, 0.0, 0.0, 1.0]
40.0,0.0,259.49182, [1.0, 0.0, 0.0, 0.0, 1.0, 0.0, 0.0, 0.0, 1.0]
40.0,0.0,259.93857, [1.0, 0.0, 0.0, 0.0, 1.0, 0.0, 0.0, 0.0, 1.0]
40.0,0.0,260.38602, [1.0, 0.0, 0.0, 0.0, 1.0, 0.0, 0.0, 0.0, 1.0]
40.000755,0.0,260.91687, [0.9999988, 0.0, -0.0015250355, 0.0, 1.0, 0.0, 0.0015250355, 0.0, 0.9999988]
40.00284,0.0,261.43768, [0.99999124, 0.0, -0.0041795075, 0.0, 1.0, 0.0, 0.0041795075, 0.0, 0.99999124]
40.006252,0.0,261.95877, [0.9999774, 0.0, -0.006716604, 0.0, 1.0, 0.0, 0.006716604, 0.0, 0.9999774]
40.011658,0.0,262.5051, [0.99994886, 0.0, -0.010109301, 0.0, 1.0, 0.0, 0.010109301, 0.0, 0.99994886]
40.019165,0.0,263.0548, [0.99990344, 0.0, -0.013894835, 0.0, 1.0, 0.0, 0.013894835, 0.0, 0.99990344]
40.02854,0.0,263.5923, [0.9998435, 0.0, -0.017689008, 0.0, 1.0, 0.0, 0.017689008, 0.0, 0.9998435]
40.03998,0.0,264.12946, [0.999768, 0.0, -0.021536626, 0.0, 1.0, 0.0, 0.021536626, 0.0, 0.999768]
40.05429,0.0,264.692, [0.99967015, 0.0, -0.025681784, 0.0, 1.0, 0.0, 0.025681784, 0.0, 0.99967015]
40.07101,0.0,265.25687, [0.9995546, 0.0, -0.029844316, 0.0, 1.0, 0.0, 0.029844316, 0.0, 0.9995546]
40.090176,0.0,265.8237, [0.9994203, 0.0, -0.03404563, 0.0, 1.0, 0.0, 0.03404563, 0.0, 0.9994203]
40.11249,0.0,266.40964, [0.9992658, 0.0, -0.038312808, 0.0, 1.0, 0.0, 0.038312808, 0.0, 0.9992658]
40.13666,0.0,266.9792, [0.99908906, 0.0, -0.042672906, 0.0, 1.0, 0.0, 0.042672906, 0.0, 0.99908906]
40.162437,0.0,267.5325, [0.998905, 0.0, -0.0467836, 0.0, 1.0, 0.0, 0.0467836, 0.0, 0.998905]
40.1922,0.0,268.11743, [0.9986952, 0.0, -0.05106722, 0.0, 1.0, 0.0, 0.05106722, 0.0, 0.9986952]
40.225403,0.0,268.7184, [0.9984633, 0.0, -0.055416923, 0.0, 1.0, 0.0, 0.055416923, 0.0, 0.9984633]
40.261314,0.0,269.3203, [0.9982093, 0.0, -0.059816755, 0.0, 1.0, 0.0, 0.059816755, 0.0, 0.9982093]
40.298897,0.0,269.90698, [0.99793714, 0.0, -0.06419669, 0.0, 1.0, 0.0, 0.06419669, 0.0, 0.99793714]
40.33903,0.0,270.49387, [0.99765307, 0.0, -0.06846948, 0.0, 1.0, 0.0, 0.06846948, 0.0, 0.99765307]
40.383236,0.0,271.10126, [0.99734384, 0.0, -0.07283448, 0.0, 1.0, 0.0, 0.07283448, 0.0, 0.99734384]
40.431675,0.0,271.72852, [0.9970121, 0.0, -0.07724288, 0.0, 1.0, 0.0, 0.07724288, 0.0, 0.9970121]
40.48347,0.0,272.36206, [0.9966537, 0.0, -0.08173753, 0.0, 1.0, 0.0, 0.08173753, 0.0, 0.9966537]
40.536083,0.0,272.97232, [0.99628204, 0.0, -0.08614947, 0.0, 1.0, 0.0, 0.08614947, 0.0, 0.99628204]
40.59175,0.0,273.58707, [0.9959031, 0.0, -0.09042486, 0.0, 1.0, 0.0, 0.09042486, 0.0, 0.9959031]
40.653576,0.0,274.2386, [0.9955054, 0.0, -0.09470291, 0.0, 1.0, 0.0, 0.09470291, 0.0, 0.9955054]
40.717094,0.0,274.88193, [0.9951406, 0.0, -0.098462366, 0.0, 1.0, 0.0, 0.098462366, 0.0, 0.9951406]
40.78123,0.0,275.5083, [0.99477816, 0.0, -0.10205953, 0.0, 1.0, 0.0, 0.10205953, 0.0, 0.99477816]
40.848118,0.0,276.14423, [0.9944978, 0.0, -0.104755715, 0.0, 1.0, 0.0, 0.104755715, 0.0, 0.9944978]
40.91683,0.0,276.78818, [0.99434733, 0.0, -0.10617425, 0.0, 1.0, 0.0, 0.10617425, 0.0, 0.99434733]
40.987343,0.0,277.44012, [0.9941934, 0.0, -0.10760679, 0.0, 1.0, 0.0, 0.10760679, 0.0, 0.9941934]
41.052555,0.0,278.04263, [0.9941934, 0.0, -0.10760679, 0.0, 1.0, 0.0, 0.10760679, 0.0, 0.9941934]
41.116634,0.0,278.63467, [0.9941934, 0.0, -0.10760679, 0.0, 1.0, 0.0, 0.10760679, 0.0, 0.9941934]
41.17976,0.0,279.21793, [0.9941934, 0.0, -0.10760679, 0.0, 1.0, 0.0, 0.10760679, 0.0, 0.9941934]
41.245506,0.0,279.82538, [0.9941934, 0.0, -0.10760679, 0.0, 1.0, 0.0, 0.10760679, 0.0, 0.9941934]
41.312202,0.0,280.4416, [0.9941934, 0.0, -0.10760679, 0.0, 1.0, 0.0, 0.10760679, 0.0, 0.9941934]
41.379574,0.0,281.06406, [0.9941934, 0.0, -0.10760679, 0.0, 1.0, 0.0, 0.10760679, 0.0, 0.9941934]
41.444904,0.0,281.66766, [0.9941934, 0.0, -0.10760679, 0.0, 1.0, 0.0, 0.10760679, 0.0, 0.9941934]
41.519936,0.0,282.346, [0.99392474, 0.0, -0.11006061, 0.0, 1.0, 0.0, 0.11006061, 0.0, 0.99392474]
41.598736,0.0,283.04214, [0.993639, 0.0, -0.11261114, 0.0, 1.0, 0.0, 0.11261114, 0.0, 0.993639]
41.682537,0.0,283.7513, [0.9930623, 0.0, -0.11758777, 0.0, 1.0, 0.0, 0.11758777, 0.0, 0.9930623]
41.77189,0.0,284.4695, [0.99231136, 0.0, -0.12376509, 0.0, 1.0, 0.0, 0.12376509, 0.0, 0.99231136]
41.86208,0.0,285.16046, [0.9915496, 0.0, -0.12972625, 0.0, 1.0, 0.0, 0.12972625, 0.0, 0.9915496]
41.958626,0.0,285.86728, [0.9907609, 0.0, -0.13561885, 0.0, 1.0, 0.0, 0.13561885, 0.0, 0.9907609]
42.06171,0.0,286.589, [0.9899111, 0.0, -0.14168884, 0.0, 1.0, 0.0, 0.14168884, 0.0, 0.9899111]
42.170486,0.0,287.31903, [0.98903936, 0.0, -0.14765081, 0.0, 1.0, 0.0, 0.14765081, 0.0, 0.98903936]
42.284225,0.0,288.05136, [0.9881082, 0.0, -0.15375921, 0.0, 1.0, 0.0, 0.15375921, 0.0, 0.9881082]
42.400505,0.0,288.77155, [0.9871691, 0.0, -0.15967777, 0.0, 1.0, 0.0, 0.15967777, 0.0, 0.9871691]
42.522964,0.0,289.5019, [0.9861853, 0.0, -0.16564515, 0.0, 1.0, 0.0, 0.16564515, 0.0, 0.9861853]
42.65077,0.0,290.23685, [0.98516625, 0.0, -0.17160207, 0.0, 1.0, 0.0, 0.17160207, 0.0, 0.98516625]
42.787,0.0,290.99307, [0.98410934, 0.0, -0.17756319, 0.0, 1.0, 0.0, 0.17756319, 0.0, 0.98410934]
42.92624,0.0,291.73956, [0.98298985, 0.0, -0.1836598, 0.0, 1.0, 0.0, 0.1836598, 0.0, 0.98298985]
43.066235,0.0,292.4661, [0.9818855, 0.0, -0.1894753, 0.0, 1.0, 0.0, 0.1894753, 0.0, 0.9818855]
43.21635,0.0,293.2207, [0.9807289, 0.0, -0.19537345, 0.0, 1.0, 0.0, 0.19537345, 0.0, 0.9807289]
43.3725,0.0,293.98132, [0.97951335, 0.0, -0.20137917, 0.0, 1.0, 0.0, 0.20137917, 0.0, 0.97951335]
43.53691,0.0,294.75833, [0.9782837, 0.0, -0.20727013, 0.0, 1.0, 0.0, 0.20727013, 0.0, 0.9782837]
43.705647,0.0,295.53195, [0.97696924, 0.0, -0.21337973, 0.0, 1.0, 0.0, 0.21337973, 0.0, 0.97696924]
43.87421,0.0,296.28326, [0.9756855, 0.0, -0.21917482, 0.0, 1.0, 0.0, 0.21917482, 0.0, 0.9756855]
44.051155,0.0,297.05017, [0.9743415, 0.0, -0.22507414, 0.0, 1.0, 0.0, 0.22507414, 0.0, 0.9743415]
44.235,0.0,297.82562, [0.97296697, 0.0, -0.2309437, 0.0, 1.0, 0.0, 0.2309437, 0.0, 0.97296697]
44.43131,0.0,298.63266, [0.9716111, 0.0, -0.23658334, 0.0, 1.0, 0.0, 0.23658334, 0.0, 0.9716111]
44.62564,0.0,299.4162, [0.97054553, 0.0, -0.2409174, 0.0, 1.0, 0.0, 0.2409174, 0.0, 0.97054553]
44.814716,0.0,300.1651, [0.96953136, 0.0, -0.24496692, 0.0, 1.0, 0.0, 0.24496692, 0.0, 0.96953136]
45.013954,0.0,300.9439, [0.9687664, 0.0, -0.24797463, 0.0, 1.0, 0.0, 0.24797463, 0.0, 0.9687664]
45.224735,0.0,301.75806, [0.9680522, 0.0, -0.25074804, 0.0, 1.0, 0.0, 0.25074804, 0.0, 0.9680522]
45.441166,0.0,302.58405, [0.9673124, 0.0, -0.25358713, 0.0, 1.0, 0.0, 0.25358713, 0.0, 0.9673124]
45.650593,0.0,303.3739, [0.9665677, 0.0, -0.25641075, 0.0, 1.0, 0.0, 0.25641075, 0.0, 0.9665677]
45.861443,0.0,304.15805, [0.9656596, 0.0, -0.25980955, 0.0, 1.0, 0.0, 0.25980955, 0.0, 0.9656596]
46.081253,0.0,304.9639, [0.9647144, 0.0, -0.26329762, 0.0, 1.0, 0.0, 0.26329762, 0.0, 0.9647144]
46.310665,0.0,305.78894, [0.963393, 0.0, -0.2680923, 0.0, 1.0, 0.0, 0.2680923, 0.0, 0.963393]
46.55211,0.0,306.63705, [0.9617163, 0.0, -0.2740461, 0.0, 1.0, 0.0, 0.2740461, 0.0, 0.9617163]
46.787617,0.0,307.44537, [0.9600076, 0.0, -0.27997303, 0.0, 1.0, 0.0, 0.27997303, 0.0, 0.9600076]
47.025166,0.0,308.24323, [0.95835423, 0.0, -0.28558105, 0.0, 1.0, 0.0, 0.28558105, 0.0, 0.95835423]
47.277153,0.0,309.07114, [0.9565987, 0.0, -0.29140747, 0.0, 1.0, 0.0, 0.29140747, 0.0, 0.9565987]
47.54041,0.0,309.91766, [0.95482105, 0.0, -0.29718024, 0.0, 1.0, 0.0, 0.29718024, 0.0, 0.95482105]
47.814236,0.0,310.77933, [0.9529563, 0.0, -0.30310658, 0.0, 1.0, 0.0, 0.30310658, 0.0, 0.9529563]
48.077843,0.0,311.59155, [0.95108396, 0.0, -0.3089316, 0.0, 1.0, 0.0, 0.3089316, 0.0, 0.95108396]
48.34706,0.0,312.4049, [0.94927245, 0.0, -0.31445402, 0.0, 1.0, 0.0, 0.31445402, 0.0, 0.94927245]
48.635128,0.0,313.25766, [0.94732654, 0.0, -0.3202686, 0.0, 1.0, 0.0, 0.3202686, 0.0, 0.94732654]
48.927536,0.0,314.10623, [0.9453658, 0.0, -0.32601076, 0.0, 1.0, 0.0, 0.32601076, 0.0, 0.9453658]
49.224667,0.0,314.95178, [0.9433654, 0.0, -0.3317548, 0.0, 1.0, 0.0, 0.3317548, 0.0, 0.9433654]
49.528168,0.0,315.7991, [0.94135064, 0.0, -0.33742929, 0.0, 1.0, 0.0, 0.33742929, 0.0, 0.94135064]
49.838554,0.0,316.64932, [0.9392816, 0.0, -0.34314668, 0.0, 1.0, 0.0, 0.34314668, 0.0, 0.9392816]
50.15814,0.0,317.50867, [0.9371993, 0.0, -0.34879357, 0.0, 1.0, 0.0, 0.34879357, 0.0, 0.9371993]
50.48964,0.0,318.38358, [0.93504167, 0.0, -0.35453704, 0.0, 1.0, 0.0, 0.35453704, 0.0, 0.93504167]
50.822395,0.0,319.24585, [0.93285894, 0.0, -0.36024097, 0.0, 1.0, 0.0, 0.36024097, 0.0, 0.93285894]
51.157375,0.0,320.09857, [0.9306723, 0.0, -0.36585304, 0.0, 1.0, 0.0, 0.36585304, 0.0, 0.9306723]
51.49933,0.0,320.9539, [0.9284522, 0.0, -0.37145108, 0.0, 1.0, 0.0, 0.37145108, 0.0, 0.9284522]
51.85667,0.0,321.8322, [0.9261976, 0.0, -0.3770378, 0.0, 1.0, 0.0, 0.3770378, 0.0, 0.9261976]
52.227283,0.0,322.72733, [0.92385006, 0.0, -0.38275394, 0.0, 1.0, 0.0, 0.38275394, 0.0, 0.92385006]
52.586773,0.0,323.58078, [0.9214907, 0.0, -0.38839978, 0.0, 1.0, 0.0, 0.38839978, 0.0, 0.9214907]
52.95338,0.0,324.437, [0.9191998, 0.0, -0.39379093, 0.0, 1.0, 0.0, 0.39379093, 0.0, 0.9191998]
53.332214,0.0,325.30704, [0.9167626, 0.0, -0.39943206, 0.0, 1.0, 0.0, 0.39943206, 0.0, 0.9167626]
53.721573,0.0,326.1869, [0.9143813, 0.0, -0.4048535, 0.0, 1.0, 0.0, 0.4048535, 0.0, 0.9143813]
54.134705,0.0,327.10504, [0.91184455, 0.0, -0.41053507, 0.0, 1.0, 0.0, 0.41053507, 0.0, 0.91184455]
54.529984,0.0,327.96924, [0.9092982, 0.0, -0.41614464, 0.0, 1.0, 0.0, 0.41614464, 0.0, 0.9092982]
54.926105,0.0,328.82208, [0.9068609, 0.0, -0.42142957, 0.0, 1.0, 0.0, 0.42142957, 0.0, 0.9068609]
55.348175,0.0,329.71652, [0.90427935, 0.0, -0.4269407, 0.0, 1.0, 0.0, 0.4269407, 0.0, 0.90427935]
55.775745,0.0,330.60852, [0.90166205, 0.0, -0.43244082, 0.0, 1.0, 0.0, 0.43244082, 0.0, 0.90166205]
56.213463,0.0,331.50766, [0.8990274, 0.0, -0.4378918, 0.0, 1.0, 0.0, 0.4378918, 0.0, 0.8990274]
56.650574,0.0,332.39178, [0.8963247, 0.0, -0.44339767, 0.0, 1.0, 0.0, 0.44339767, 0.0, 0.8963247]
57.090668,0.0,333.26877, [0.89368063, 0.0, -0.448703, 0.0, 1.0, 0.0, 0.448703, 0.0, 0.89368063]
57.545906,0.0,334.16235, [0.8909343, 0.0, -0.45413172, 0.0, 1.0, 0.0, 0.45413172, 0.0, 0.8909343]
58.00922,0.0,335.05838, [0.88818187, 0.0, -0.45949146, 0.0, 1.0, 0.0, 0.45949146, 0.0, 0.88818187]
58.48226,0.0,335.95972, [0.8853647, 0.0, -0.4648965, 0.0, 1.0, 0.0, 0.4648965, 0.0, 0.8853647]
58.95956,0.0,336.85596, [0.8825368, 0.0, -0.4702426, 0.0, 1.0, 0.0, 0.4702426, 0.0, 0.8825368]
59.446156,0.0,337.75644, [0.879675, 0.0, -0.47557467, 0.0, 1.0, 0.0, 0.47557467, 0.0, 0.879675]
59.942245,0.0,338.66135, [0.8767725, 0.0, -0.4809046, 0.0, 1.0, 0.0, 0.4809046, 0.0, 0.8767725]
60.456944,0.0,339.5868, [0.8738359, 0.0, -0.4862202, 0.0, 1.0, 0.0, 0.4862202, 0.0, 0.8738359]
60.97031,0.0,340.49652, [0.8708008, 0.0, -0.49163532, 0.0, 1.0, 0.0, 0.49163532, 0.0, 0.8708008]
61.4758,0.0,341.37997, [0.8678624, 0.0, -0.49680385, 0.0, 1.0, 0.0, 0.49680385, 0.0, 0.8678624]
61.995483,0.0,342.27567, [0.86485267, 0.0, -0.5020249, 0.0, 1.0, 0.0, 0.5020249, 0.0, 0.86485267]
62.541386,0.0,343.2036, [0.86181456, 0.0, -0.5072226, 0.0, 1.0, 0.0, 0.5072226, 0.0, 0.86181456]
63.099472,0.0,344.13885, [0.8586265, 0.0, -0.5126009, 0.0, 1.0, 0.0, 0.5126009, 0.0, 0.8586265]
63.63468,0.0,345.02353, [0.8555098, 0.0, -0.5177857, 0.0, 1.0, 0.0, 0.5177857, 0.0, 0.8555098]
64.17642,0.0,345.9072, [0.8524404, 0.0, -0.5228235, 0.0, 1.0, 0.0, 0.5228235, 0.0, 0.8524404]
64.740425,0.0,346.81485, [0.8492635, 0.0, -0.5279683, 0.0, 1.0, 0.0, 0.5279683, 0.0, 0.8492635]
65.333664,0.0,347.75674, [0.8460511, 0.0, -0.5331008, 0.0, 1.0, 0.0, 0.5331008, 0.0, 0.8460511]
65.93427,0.0,348.6972, [0.8426837, 0.0, -0.538408, 0.0, 1.0, 0.0, 0.538408, 0.0, 0.8426837]
66.50754,0.0,349.583, [0.8394237, 0.0, -0.5434766, 0.0, 1.0, 0.0, 0.5434766, 0.0, 0.8394237]
67.090034,0.0,350.47153, [0.83619744, 0.0, -0.5484276, 0.0, 1.0, 0.0, 0.5484276, 0.0, 0.83619744]
67.69942,0.0,351.3889, [0.83286375, 0.0, -0.5534771, 0.0, 1.0, 0.0, 0.5534771, 0.0, 0.83286375]
68.324776,0.0,352.31793, [0.829471, 0.0, -0.55854887, 0.0, 1.0, 0.0, 0.55854887, 0.0, 0.829471]
68.943535,0.0,353.22516, [0.82603294, 0.0, -0.5636209, 0.0, 1.0, 0.0, 0.5636209, 0.0, 0.82603294]
69.5593,0.0,354.11652, [0.8226672, 0.0, -0.5685224, 0.0, 1.0, 0.0, 0.5685224, 0.0, 0.8226672]
70.20526,0.0,355.03967, [0.81922746, 0.0, -0.5734679, 0.0, 1.0, 0.0, 0.5734679, 0.0, 0.81922746]
70.86581,0.0,355.9714, [0.81567615, 0.0, -0.57850796, 0.0, 1.0, 0.0, 0.57850796, 0.0, 0.81567615]
71.526695,0.0,356.89172, [0.81214696, 0.0, -0.5834521, 0.0, 1.0, 0.0, 0.5834521, 0.0, 0.81214696]
72.1834,0.0,357.79456, [0.8085779, 0.0, -0.5883883, 0.0, 1.0, 0.0, 0.5883883, 0.0, 0.8085779]
72.84193,0.0,358.68863, [0.80506194, 0.0, -0.59319, 0.0, 1.0, 0.0, 0.59319, 0.0, 0.80506194]
73.52333,0.0,359.60214, [0.8014654, 0.0, -0.5980404, 0.0, 1.0, 0.0, 0.5980404, 0.0, 0.8014654]
74.22959,0.0,360.53708, [0.7978114, 0.0, -0.60290635, 0.0, 1.0, 0.0, 0.60290635, 0.0, 0.7978114]
74.94947,0.0,361.4779, [0.7940653, 0.0, -0.6078317, 0.0, 1.0, 0.0, 0.6078317, 0.0, 0.7940653]
75.64346,0.0,362.3735, [0.7903291, 0.0, -0.61268187, 0.0, 1.0, 0.0, 0.61268187, 0.0, 0.7903291]
76.3354,0.0,363.25565, [0.78671336, 0.0, -0.61731774, 0.0, 1.0, 0.0, 0.61731774, 0.0, 0.78671336]
77.05602,0.0,364.163, [0.7829683, 0.0, -0.6220609, 0.0, 1.0, 0.0, 0.6220609, 0.0, 0.7829683]
77.80774,0.0,365.08664, [0.7753825, 0.0, -0.63149107, 0.0, 1.0, 0.0, 0.63149107, 0.0, 0.7753825]
78.57794,0.0,366.00946, [0.7674999, 0.0, -0.64104825, 0.0, 1.0, 0.0, 0.64104825, 0.0, 0.7674999]
79.31158,0.0,366.86688, [0.7595842, 0.0, -0.6504082, 0.0, 1.0, 0.0, 0.6504082, 0.0, 0.7595842]
80.045425,0.0,367.70456, [0.75196034, 0.0, -0.6592075, 0.0, 1.0, 0.0, 0.6592075, 0.0, 0.75196034]
80.816734,0.0,368.56372, [0.74387413, 0.0, -0.6683189, 0.0, 1.0, 0.0, 0.6683189, 0.0, 0.74387413]
81.60855,0.0,369.42447, [0.7357219, 0.0, -0.677283, 0.0, 1.0, 0.0, 0.677283, 0.0, 0.7357219]
82.41253,0.0,370.27698, [0.7272601, 0.0, -0.68636113, 0.0, 1.0, 0.0, 0.68636113, 0.0, 0.7272601]
83.1861,0.0,371.0775, [0.71884817, 0.0, -0.6951663, 0.0, 1.0, 0.0, 0.6951663, 0.0, 0.71884817]
83.96573,0.0,371.86545, [0.7105827, 0.0, -0.70361286, 0.0, 1.0, 0.0, 0.70361286, 0.0, 0.7105827]
84.77311,0.0,372.66177, [0.7019449, 0.0, -0.7122303, 0.0, 1.0, 0.0, 0.7122303, 0.0, 0.7019449]
85.600876,0.0,373.4586, [0.69324803, 0.0, -0.7206982, 0.0, 1.0, 0.0, 0.7206982, 0.0, 0.69324803]
86.44945,0.0,374.25537, [0.6842337, 0.0, -0.7292619, 0.0, 1.0, 0.0, 0.7292619, 0.0, 0.6842337]
87.246475,0.0,374.9855, [0.67517895, 0.0, -0.73765314, 0.0, 1.0, 0.0, 0.73765314, 0.0, 0.67517895]
88.03393,0.0,375.69025, [0.6666165, 0.0, -0.7454001, 0.0, 1.0, 0.0, 0.7454001, 0.0, 0.6666165]
88.86306,0.0,376.41434, [0.65750104, 0.0, -0.75345284, 0.0, 1.0, 0.0, 0.75345284, 0.0, 0.65750104]
89.695045,0.0,377.1234, [0.64835536, 0.0, -0.7613371, 0.0, 1.0, 0.0, 0.7613371, 0.0, 0.64835536]
90.54446,0.0,377.82968, [0.63906866, 0.0, -0.76914895, 0.0, 1.0, 0.0, 0.76914895, 0.0, 0.63906866]
91.38861,0.0,378.5143, [0.62958735, 0.0, -0.7769289, 0.0, 1.0, 0.0, 0.7769289, 0.0, 0.62958735]
92.2232,0.0,379.17474, [0.6202394, 0.0, -0.7844118, 0.0, 1.0, 0.0, 0.7844118, 0.0, 0.6202394]
93.07004,0.0,379.82843, [0.61072665, 0.0, -0.7918407, 0.0, 1.0, 0.0, 0.7918407, 0.0, 0.61072665]
94.75145,0.0,381.09363, [0.60110795, 0.0, -0.79916704, 0.0, 1.0, 0.0, 0.79916704, 0.0, 0.60110795]
95.54054,0.0,381.65936, [0.5812158, 0.0, -0.8137487, 0.0, 1.0, 0.0, 0.8137487, 0.0, 0.5812158]
95.8954,0.0,381.90915, [0.5753094, 0.0, -0.8179351, 0.0, 1.0, 0.0, 0.8179351, 0.0, 0.5753094]
96.32517,0.0,382.20654, [0.56872594, 0.0, -0.82252634, 0.0, 1.0, 0.0, 0.82252634, 0.0, 0.56872594]
96.95186,0.0,382.632, [0.56143767, 0.0, -0.8275182, 0.0, 1.0, 0.0, 0.8275182, 0.0, 0.56143767]
97.808624,0.0,383.19894, [0.55150086, 0.0, -0.8341735, 0.0, 1.0, 0.0, 0.8341735, 0.0, 0.55150086]
98.68985,0.0,383.76694, [0.5414186, 0.0, -0.84075236, 0.0, 1.0, 0.0, 0.84075236, 0.0, 0.5414186]
99.567795,0.0,384.3177, [0.53105605, 0.0, -0.8473359, 0.0, 1.0, 0.0, 0.8473359, 0.0, 0.53105605]
100.443184,0.0,384.8524, [0.5209069, 0.0, -0.8536126, 0.0, 1.0, 0.0, 0.8536126, 0.0, 0.5209069]
101.34003,0.0,385.38522, [0.5104301, 0.0, -0.8599184, 0.0, 1.0, 0.0, 0.8599184, 0.0, 0.5104301]
102.22303,0.0,385.8954, [0.4999097, 0.0, -0.86607665, 0.0, 1.0, 0.0, 0.86607665, 0.0, 0.4999097]
103.11464,0.0,386.39633, [0.48948354, 0.0, -0.8720117, 0.0, 1.0, 0.0, 0.8720117, 0.0, 0.48948354]
104.0063,0.0,386.88303, [0.4787172, 0.0, -0.8779684, 0.0, 1.0, 0.0, 0.8779684, 0.0, 0.4787172]
104.888916,0.0,387.35114, [0.46819237, 0.0, -0.88362575, 0.0, 1.0, 0.0, 0.88362575, 0.0, 0.46819237]
105.796196,0.0,387.8183, [0.4573998, 0.0, -0.8892604, 0.0, 1.0, 0.0, 0.8892604, 0.0, 0.4573998]
106.68833,0.0,388.2639, [0.44645414, 0.0, -0.8948058, 0.0, 1.0, 0.0, 0.8948058, 0.0, 0.44645414]
107.56962,0.0,388.69098, [0.43574613, 0.0, -0.90006894, 0.0, 1.0, 0.0, 0.90006894, 0.0, 0.43574613]
108.45549,0.0,389.10715, [0.4248035, 0.0, -0.9052849, 0.0, 1.0, 0.0, 0.9052849, 0.0, 0.4248035]
109.339714,0.0,389.50967, [0.4139352, 0.0, -0.9103057, 0.0, 1.0, 0.0, 0.9103057, 0.0, 0.4139352]
109.40301,0.0,389.53796, [0.4028896, 0.0, -0.9152479, 0.0, 1.0, 0.0, 0.9152479, 0.0, 0.4028896]
109.40301,0.0,389.53796, [0.4028896, 0.0, -0.9152479, 0.0, 1.0, 0.0, 0.9152479, 0.0, 0.4028896]
109.40301,0.0,389.53796, [0.4028896, 0.0, -0.9152479, 0.0, 1.0, 0.0, 0.9152479, 0.0, 0.4028896]
109.40301,0.0,389.53796, [0.4028896, 0.0, -0.9152479, 0.0, 1.0, 0.0, 0.9152479, 0.0, 0.4028896]
109.40301,0.0,389.53796, [0.4028896, 0.0, -0.9152479, 0.0, 1.0, 0.0, 0.9152479, 0.0, 0.4028896]
109.40301,0.0,389.53796, [0.4028896, 0.0, -0.9152479, 0.0, 1.0, 0.0, 0.9152479, 0.0, 0.4028896]
109.40301,0.0,389.53796, [0.4028896, 0.0, -0.9152479, 0.0, 1.0, 0.0, 0.9152479, 0.0, 0.4028896]
109.40301,0.0,389.53796, [0.4028896, 0.0, -0.9152479, 0.0, 1.0, 0.0, 0.9152479, 0.0, 0.4028896]
109.40301,0.0,389.53796, [0.4028896, 0.0, -0.9152479, 0.0, 1.0, 0.0, 0.9152479, 0.0, 0.4028896]
109.40301,0.0,389.53796, [0.4028896, 0.0, -0.9152479, 0.0, 1.0, 0.0, 0.9152479, 0.0, 0.4028896]
109.40301,0.0,389.53796, [0.4028896, 0.0, -0.9152479, 0.0, 1.0, 0.0, 0.9152479, 0.0, 0.4028896]
109.40301,0.0,389.53796, [0.4028896, 0.0, -0.9152479, 0.0, 1.0, 0.0, 0.9152479, 0.0, 0.4028896]
109.40301,0.0,389.53796, [0.4028896, 0.0, -0.9152479, 0.0, 1.0, 0.0, 0.9152479, 0.0, 0.4028896]
109.40301,0.0,389.53796, [0.4028896, 0.0, -0.9152479, 0.0, 1.0, 0.0, 0.9152479, 0.0, 0.4028896]
109.40301,0.0,389.53796, [0.4028896, 0.0, -0.9152479, 0.0, 1.0, 0.0, 0.9152479, 0.0, 0.4028896]
109.40301,0.0,389.53796, [0.4028896, 0.0, -0.9152479, 0.0, 1.0, 0.0, 0.9152479, 0.0, 0.4028896]
109.40301,0.0,389.53796, [0.4028896, 0.0, -0.9152479, 0.0, 1.0, 0.0, 0.9152479, 0.0, 0.4028896]
109.40301,0.0,389.53796, [0.4028896, 0.0, -0.9152479, 0.0, 1.0, 0.0, 0.9152479, 0.0, 0.4028896]
109.40301,0.0,389.53796, [0.4028896, 0.0, -0.9152479, 0.0, 1.0, 0.0, 0.9152479, 0.0, 0.4028896]
109.40301,0.0,389.53796, [0.4028896, 0.0, -0.9152479, 0.0, 1.0, 0.0, 0.9152479, 0.0, 0.4028896]
109.40301,0.0,389.53796, [0.4028896, 0.0, -0.9152479, 0.0, 1.0, 0.0, 0.9152479, 0.0, 0.4028896]
109.40301,0.0,389.53796, [0.4028896, 0.0, -0.9152479, 0.0, 1.0, 0.0, 0.9152479, 0.0, 0.4028896]
109.40301,0.0,389.53796, [0.4028896, 0.0, -0.9152479, 0.0, 1.0, 0.0, 0.9152479, 0.0, 0.4028896]
109.40301,0.0,389.53796, [0.4028896, 0.0, -0.9152479, 0.0, 1.0, 0.0, 0.9152479, 0.0, 0.4028896]
109.40301,0.0,389.53796, [0.4028896, 0.0, -0.9152479, 0.0, 1.0, 0.0, 0.9152479, 0.0, 0.4028896]
109.40301,0.0,389.53796, [0.4028896, 0.0, -0.9152479, 0.0, 1.0, 0.0, 0.9152479, 0.0, 0.4028896]
109.40301,0.0,389.53796, [0.4028896, 0.0, -0.9152479, 0.0, 1.0, 0.0, 0.9152479, 0.0, 0.4028896]
109.40301,0.0,389.53796, [0.4028896, 0.0, -0.9152479, 0.0, 1.0, 0.0, 0.9152479, 0.0, 0.4028896]
109.40301,0.0,389.53796, [0.4028896, 0.0, -0.9152479, 0.0, 1.0, 0.0, 0.9152479, 0.0, 0.4028896]
109.40301,0.0,389.53796, [0.4028896, 0.0, -0.9152479, 0.0, 1.0, 0.0, 0.9152479, 0.0, 0.4028896]
109.40301,0.0,389.53796, [0.4028896, 0.0, -0.9152479, 0.0, 1.0, 0.0, 0.9152479, 0.0, 0.4028896]
109.40301,0.0,389.53796, [0.4028896, 0.0, -0.9152479, 0.0, 1.0, 0.0, 0.9152479, 0.0, 0.4028896]
109.40301,0.0,389.53796, [0.4028896, 0.0, -0.9152479, 0.0, 1.0, 0.0, 0.9152479, 0.0, 0.4028896]
109.40301,0.0,389.53796, [0.4028896, 0.0, -0.9152479, 0.0, 1.0, 0.0, 0.9152479, 0.0, 0.4028896]
109.40301,0.0,389.53796, [0.4028896, 0.0, -0.9152479, 0.0, 1.0, 0.0, 0.9152479, 0.0, 0.4028896]
109.40301,0.0,389.53796, [0.4028896, 0.0, -0.9152479, 0.0, 1.0, 0.0, 0.9152479, 0.0, 0.4028896]
109.40301,0.0,389.53796, [0.4028896, 0.0, -0.9152479, 0.0, 1.0, 0.0, 0.9152479, 0.0, 0.4028896]
109.40301,0.0,389.53796, [0.4028896, 0.0, -0.9152479, 0.0, 1.0, 0.0, 0.9152479, 0.0, 0.4028896]
109.40301,0.0,389.53796, [0.4028896, 0.0, -0.9152479, 0.0, 1.0, 0.0, 0.9152479, 0.0, 0.4028896]
109.40301,0.0,389.53796, [0.4028896, 0.0, -0.9152479, 0.0, 1.0, 0.0, 0.9152479, 0.0, 0.4028896]
109.40301,0.0,389.53796, [0.4028896, 0.0, -0.9152479, 0.0, 1.0, 0.0, 0.9152479, 0.0, 0.4028896]
109.40301,0.0,389.53796, [0.4028896, 0.0, -0.9152479, 0.0, 1.0, 0.0, 0.9152479, 0.0, 0.4028896]
109.40301,0.0,389.53796, [0.4028896, 0.0, -0.9152479, 0.0, 1.0, 0.0, 0.9152479, 0.0, 0.4028896]
109.40301,0.0,389.53796, [0.4028896, 0.0, -0.9152479, 0.0, 1.0, 0.0, 0.9152479, 0.0, 0.4028896]
109.40301,0.0,389.53796, [0.4028896, 0.0, -0.9152479, 0.0, 1.0, 0.0, 0.9152479, 0.0, 0.4028896]
109.46692,0.0,389.5659, [0.39731273, 0.0, -0.9176826, 0.0, 1.0, 0.0, 0.9176826, 0.0, 0.39731273]
109.52855,0.0,389.59235, [0.39193434, 0.0, -0.91999257, 0.0, 1.0, 0.0, 0.91999257, 0.0, 0.39193434]
109.59355,0.0,389.61978, [0.3862617, 0.0, -0.9223886, 0.0, 1.0, 0.0, 0.9223886, 0.0, 0.3862617]
109.65704,0.0,389.64615, [0.38072118, 0.0, -0.92468923, 0.0, 1.0, 0.0, 0.92468923, 0.0, 0.38072118]
109.72257,0.0,389.67288, [0.37500286, 0.0, -0.927023, 0.0, 1.0, 0.0, 0.927023, 0.0, 0.37500286]
109.78702,0.0,389.69873, [0.36937898, 0.0, -0.92927814, 0.0, 1.0, 0.0, 0.92927814, 0.0, 0.36937898]
109.78702,0.0,389.69873, [0.36937898, 0.0, -0.92927814, 0.0, 1.0, 0.0, 0.92927814, 0.0, 0.36937898]
109.78702,0.0,389.69873, [0.36937898, 0.0, -0.92927814, 0.0, 1.0, 0.0, 0.92927814, 0.0, 0.36937898]
109.78702,0.0,389.69873, [0.36937898, 0.0, -0.92927814, 0.0, 1.0, 0.0, 0.92927814, 0.0, 0.36937898]
109.78702,0.0,389.69873, [0.36937898, 0.0, -0.92927814, 0.0, 1.0, 0.0, 0.92927814, 0.0, 0.36937898]
109.78702,0.0,389.69873, [0.36937898, 0.0, -0.92927814, 0.0, 1.0, 0.0, 0.92927814, 0.0, 0.36937898]
109.78702,0.0,389.69873, [0.36937898, 0.0, -0.92927814, 0.0, 1.0, 0.0, 0.92927814, 0.0, 0.36937898]
109.78702,0.0,389.69873, [0.36937898, 0.0, -0.92927814, 0.0, 1.0, 0.0, 0.92927814, 0.0, 0.36937898]
109.78702,0.0,389.69873, [0.36937898, 0.0, -0.92927814, 0.0, 1.0, 0.0, 0.92927814, 0.0, 0.36937898]
109.78702,0.0,389.69873, [0.36937898, 0.0, -0.92927814, 0.0, 1.0, 0.0, 0.92927814, 0.0, 0.36937898]
109.78702,0.0,389.69873, [0.36937898, 0.0, -0.92927814, 0.0, 1.0, 0.0, 0.92927814, 0.0, 0.36937898]
109.78702,0.0,389.69873, [0.36937898, 0.0, -0.92927814, 0.0, 1.0, 0.0, 0.92927814, 0.0, 0.36937898]
109.78702,0.0,389.69873, [0.36937898, 0.0, -0.92927814, 0.0, 1.0, 0.0, 0.92927814, 0.0, 0.36937898]
109.78702,0.0,389.69873, [0.36937898, 0.0, -0.92927814, 0.0, 1.0, 0.0, 0.92927814, 0.0, 0.36937898]
109.78702,0.0,389.69873, [0.36937898, 0.0, -0.92927814, 0.0, 1.0, 0.0, 0.92927814, 0.0, 0.36937898]
109.78702,0.0,389.69873, [0.36937898, 0.0, -0.92927814, 0.0, 1.0, 0.0, 0.92927814, 0.0, 0.36937898]
109.78702,0.0,389.69873, [0.36937898, 0.0, -0.92927814, 0.0, 1.0, 0.0, 0.92927814, 0.0, 0.36937898]
109.78702,0.0,389.69873, [0.36937898, 0.0, -0.92927814, 0.0, 1.0, 0.0, 0.92927814, 0.0, 0.36937898]
109.78702,0.0,389.69873, [0.36937898, 0.0, -0.92927814, 0.0, 1.0, 0.0, 0.92927814, 0.0, 0.36937898]
109.78702,0.0,389.69873, [0.36937898, 0.0, -0.92927814, 0.0, 1.0, 0.0, 0.92927814, 0.0, 0.36937898]
109.78702,0.0,389.69873, [0.36937898, 0.0, -0.92927814, 0.0, 1.0, 0.0, 0.92927814, 0.0, 0.36937898]
109.78702,0.0,389.69873, [0.36937898, 0.0, -0.92927814, 0.0, 1.0, 0.0, 0.92927814, 0.0, 0.36937898]
109.78702,0.0,389.69873, [0.36937898, 0.0, -0.92927814, 0.0, 1.0, 0.0, 0.92927814, 0.0, 0.36937898]
109.78702,0.0,389.69873, [0.36937898, 0.0, -0.92927814, 0.0, 1.0, 0.0, 0.92927814, 0.0, 0.36937898]
109.78702,0.0,389.69873, [0.36937898, 0.0, -0.92927814, 0.0, 1.0, 0.0, 0.92927814, 0.0, 0.36937898]
109.78702,0.0,389.69873, [0.36937898, 0.0, -0.92927814, 0.0, 1.0, 0.0, 0.92927814, 0.0, 0.36937898]
109.78702,0.0,389.69873, [0.36937898, 0.0, -0.92927814, 0.0, 1.0, 0.0, 0.92927814, 0.0, 0.36937898]
109.78702,0.0,389.69873, [0.36937898, 0.0, -0.92927814, 0.0, 1.0, 0.0, 0.92927814, 0.0, 0.36937898]
109.78702,0.0,389.69873, [0.36937898, 0.0, -0.92927814, 0.0, 1.0, 0.0, 0.92927814, 0.0, 0.36937898]
109.78702,0.0,389.69873, [0.36937898, 0.0, -0.92927814, 0.0, 1.0, 0.0, 0.92927814, 0.0, 0.36937898]
109.78702,0.0,389.69873, [0.36937898, 0.0, -0.92927814, 0.0, 1.0, 0.0, 0.92927814, 0.0, 0.36937898]
109.78702,0.0,389.69873, [0.36937898, 0.0, -0.92927814, 0.0, 1.0, 0.0, 0.92927814, 0.0, 0.36937898]
109.78702,0.0,389.69873, [0.36937898, 0.0, -0.92927814, 0.0, 1.0, 0.0, 0.92927814, 0.0, 0.36937898]
109.85282,0.0,389.72464, [0.3636373, 0.0, -0.93153995, 0.0, 1.0, 0.0, 0.93153995, 0.0, 0.3636373]
109.91766,0.0,389.74973, [0.3579791, 0.0, -0.93372893, 0.0, 1.0, 0.0, 0.93372893, 0.0, 0.3579791]
109.98071,0.0,389.77368, [0.35247716, 0.0, -0.9358197, 0.0, 1.0, 0.0, 0.9358197, 0.0, 0.35247716]
110.04619,0.0,389.7981, [0.34676367, 0.0, -0.9379518, 0.0, 1.0, 0.0, 0.9379518, 0.0, 0.34676367]
110.11196,0.0,389.82217, [0.34102452, 0.0, -0.9400537, 0.0, 1.0, 0.0, 0.9400537, 0.0, 0.34102452]
110.17715,0.0,389.8456, [0.33533573, 0.0, -0.94209796, 0.0, 1.0, 0.0, 0.94209796, 0.0, 0.33533573]
110.242455,0.0,389.86865, [0.32963693, 0.0, -0.9441071, 0.0, 1.0, 0.0, 0.9441071, 0.0, 0.32963693]
110.30778,0.0,389.89127, [0.32393655, 0.0, -0.9460782, 0.0, 1.0, 0.0, 0.9460782, 0.0, 0.32393655]
110.373604,0.0,389.91357, [0.3181925, 0.0, -0.94802547, 0.0, 1.0, 0.0, 0.94802547, 0.0, 0.3181925]
110.4403,0.0,389.93573, [0.31237248, 0.0, -0.949959, 0.0, 1.0, 0.0, 0.949959, 0.0, 0.31237248]
110.50543,0.0,389.95694, [0.30668896, 0.0, -0.95180905, 0.0, 1.0, 0.0, 0.95180905, 0.0, 0.30668896]
110.57186,0.0,389.97812, [0.30089283, 0.0, -0.95365727, 0.0, 1.0, 0.0, 0.95365727, 0.0, 0.30089283]
110.63836,0.0,389.99887, [0.2950898, 0.0, -0.95546883, 0.0, 1.0, 0.0, 0.95546883, 0.0, 0.2950898]
110.70394,0.0,390.01892, [0.28936675, 0.0, -0.95721763, 0.0, 1.0, 0.0, 0.95721763, 0.0, 0.28936675]
110.77125,0.0,390.03903, [0.28349358, 0.0, -0.95897347, 0.0, 1.0, 0.0, 0.95897347, 0.0, 0.28349358]
110.83989,0.0,390.05908, [0.27750385, 0.0, -0.9607238, 0.0, 1.0, 0.0, 0.9607238, 0.0, 0.27750385]
110.90503,0.0,390.0777, [0.27181944, 0.0, -0.9623476, 0.0, 1.0, 0.0, 0.9623476, 0.0, 0.27181944]
110.97184,0.0,390.09634, [0.26598918, 0.0, -0.9639754, 0.0, 1.0, 0.0, 0.9639754, 0.0, 0.26598918]
111.0381,0.0,390.1144, [0.2602067, 0.0, -0.9655524, 0.0, 1.0, 0.0, 0.9655524, 0.0, 0.2602067]
111.10728,0.0,390.1328, [0.25417063, 0.0, -0.96715885, 0.0, 1.0, 0.0, 0.96715885, 0.0, 0.25417063]
111.17625,0.0,390.1507, [0.24815224, 0.0, -0.96872056, 0.0, 1.0, 0.0, 0.96872056, 0.0, 0.24815224]
111.24009,0.0,390.16687, [0.24258085, 0.0, -0.97013074, 0.0, 1.0, 0.0, 0.97013074, 0.0, 0.24258085]
111.3072,0.0,390.1834, [0.23672487, 0.0, -0.9715763, 0.0, 1.0, 0.0, 0.9715763, 0.0, 0.23672487]
111.374756,0.0,390.19965, [0.23082964, 0.0, -0.9729938, 0.0, 1.0, 0.0, 0.9729938, 0.0, 0.23082964]
111.44398,0.0,390.21585, [0.22478932, 0.0, -0.974407, 0.0, 1.0, 0.0, 0.974407, 0.0, 0.22478932]
111.511536,0.0,390.2312, [0.21889417, 0.0, -0.97574824, 0.0, 1.0, 0.0, 0.97574824, 0.0, 0.21889417]
111.57794,0.0,390.2459, [0.21309933, 0.0, -0.9770302, 0.0, 1.0, 0.0, 0.9770302, 0.0, 0.21309933]
111.64597,0.0,390.26053, [0.20716253, 0.0, -0.97830623, 0.0, 1.0, 0.0, 0.97830623, 0.0, 0.20716253]
111.71445,0.0,390.2748, [0.20118724, 0.0, -0.9795525, 0.0, 1.0, 0.0, 0.9795525, 0.0, 0.20118724]
111.78263,0.0,390.2886, [0.19523741, 0.0, -0.9807557, 0.0, 1.0, 0.0, 0.9807557, 0.0, 0.19523741]
111.85072,0.0,390.30194, [0.18929522, 0.0, -0.9819199, 0.0, 1.0, 0.0, 0.9819199, 0.0, 0.18929522]
111.91895,0.0,390.31488, [0.1833413, 0.0, -0.98304904, 0.0, 1.0, 0.0, 0.98304904, 0.0, 0.1833413]
111.987114,0.0,390.32736, [0.1773934, 0.0, -0.9841397, 0.0, 1.0, 0.0, 0.9841397, 0.0, 0.1773934]
112.05551,0.0,390.33948, [0.17142498, 0.0, -0.9851968, 0.0, 1.0, 0.0, 0.9851968, 0.0, 0.17142498]
112.12503,0.0,390.35135, [0.16535899, 0.0, -0.9862331, 0.0, 1.0, 0.0, 0.9862331, 0.0, 0.16535899]
112.192566,0.0,390.36246, [0.15946548, 0.0, -0.9872032, 0.0, 1.0, 0.0, 0.9872032, 0.0, 0.15946548]
112.26137,0.0,390.37335, [0.15346116, 0.0, -0.98815435, 0.0, 1.0, 0.0, 0.98815435, 0.0, 0.15346116]
112.328995,0.0,390.38364, [0.14755994, 0.0, -0.98905283, 0.0, 1.0, 0.0, 0.98905283, 0.0, 0.14755994]
112.399216,0.0,390.3939, [0.14143233, 0.0, -0.9899477, 0.0, 1.0, 0.0, 0.9899477, 0.0, 0.14143233]
112.468376,0.0,390.40356, [0.13539754, 0.0, -0.99079114, 0.0, 1.0, 0.0, 0.99079114, 0.0, 0.13539754]
112.53546,0.0,390.41254, [0.12954357, 0.0, -0.9915735, 0.0, 1.0, 0.0, 0.9915735, 0.0, 0.12954357]
112.60458,0.0,390.42136, [0.12351218, 0.0, -0.9923429, 0.0, 1.0, 0.0, 0.9923429, 0.0, 0.12351218]
112.672806,0.0,390.42963, [0.11755862, 0.0, -0.9930657, 0.0, 1.0, 0.0, 0.9930657, 0.0, 0.11755862]
112.74362,0.0,390.4378, [0.11137862, 0.0, -0.99377775, 0.0, 1.0, 0.0, 0.99377775, 0.0, 0.11137862]
112.81322,0.0,390.4454, [0.1053056, 0.0, -0.9944396, 0.0, 1.0, 0.0, 0.9944396, 0.0, 0.1053056]
112.88098,0.0,390.45236, [0.09939272, 0.0, -0.99504805, 0.0, 1.0, 0.0, 0.99504805, 0.0, 0.09939272]
112.94993,0.0,390.45905, [0.09337613, 0.0, -0.9956307, 0.0, 1.0, 0.0, 0.9956307, 0.0, 0.09337613]
113.018486,0.0,390.46527, [0.08739428, 0.0, -0.99617356, 0.0, 1.0, 0.0, 0.99617356, 0.0, 0.08739428]
113.089,0.0,390.47125, [0.08124155, 0.0, -0.9966942, 0.0, 1.0, 0.0, 0.9966942, 0.0, 0.08124155]
113.15888,0.0,390.47675, [0.075142786, 0.0, -0.99717253, 0.0, 1.0, 0.0, 0.99717253, 0.0, 0.075142786]
113.226006,0.0,390.48163, [0.06928529, 0.0, -0.9975967, 0.0, 1.0, 0.0, 0.9975967, 0.0, 0.06928529]
113.29636,0.0,390.4863, [0.06314641, 0.0, -0.9980041, 0.0, 1.0, 0.0, 0.9980041, 0.0, 0.06314641]
113.364655,0.0,390.49042, [0.057186536, 0.0, -0.9983633, 0.0, 1.0, 0.0, 0.9983633, 0.0, 0.057186536]
113.43504,0.0,390.49423, [0.051044445, 0.0, -0.99869627, 0.0, 1.0, 0.0, 0.99869627, 0.0, 0.051044445]
113.504135,0.0,390.49756, [0.045014977, 0.0, -0.9989861, 0.0, 1.0, 0.0, 0.9989861, 0.0, 0.045014977]
113.57291,0.0,390.50046, [0.03901363, 0.0, -0.99923843, 0.0, 1.0, 0.0, 0.99923843, 0.0, 0.03901363]
113.64332,0.0,390.503, [0.032869264, 0.0, -0.9994594, 0.0, 1.0, 0.0, 0.9994594, 0.0, 0.032869264]
113.71172,0.0,390.50504, [0.026899964, 0.0, -0.99963784, 0.0, 1.0, 0.0, 0.99963784, 0.0, 0.026899964]
113.78244,0.0,390.5067, [0.020729333, 0.0, -0.9997848, 0.0, 1.0, 0.0, 0.9997848, 0.0, 0.020729333]
113.851295,0.0,390.50793, [0.0147215035, 0.0, -0.99989134, 0.0, 1.0, 0.0, 0.99989134, 0.0, 0.0147215035]
113.92099,0.0,390.50876, [0.008639319, 0.0, -0.9999624, 0.0, 1.0, 0.0, 0.9999624, 0.0, 0.008639319]
113.9892,0.0,390.50912, [0.0026874458, 0.0, -0.9999961, 0.0, 1.0, 0.0, 0.9999961, 0.0, 0.0026874458]
114.058914,0.0,390.5091, [-0.0033964298, 0.0, -0.999994, 0.0, 1.0, 0.0, 0.999994, 0.0, -0.0033964298]
114.12929,0.0,390.50864, [-0.009536982, 0.0, -0.9999543, 0.0, 1.0, 0.0, 0.9999543, 0.0, -0.009536982]
114.19917,0.0,390.50775, [-0.015635267, 0.0, -0.9998775, 0.0, 1.0, 0.0, 0.9998775, 0.0, -0.015635267]
114.26728,0.0,390.50647, [-0.021577911, 0.0, -0.99976695, 0.0, 1.0, 0.0, 0.99976695, 0.0, -0.021577911]
114.337,0.0,390.50476, [-0.027661644, 0.0, -0.9996171, 0.0, 1.0, 0.0, 0.9996171, 0.0, -0.027661644]
114.40698,0.0,390.50262, [-0.033768803, 0.0, -0.9994294, 0.0, 1.0, 0.0, 0.9994294, 0.0, -0.033768803]
114.477165,0.0,390.50003, [-0.039892986, 0.0, -0.9992037, 0.0, 1.0, 0.0, 0.9992037, 0.0, -0.039892986]
114.54606,0.0,390.49707, [-0.04590473, 0.0, -0.99894553, 0.0, 1.0, 0.0, 0.99894553, 0.0, -0.04590473]
114.61422,0.0,390.4937, [-0.051852137, 0.0, -0.9986545, 0.0, 1.0, 0.0, 0.9986545, 0.0, -0.051852137]
114.68386,0.0,390.48987, [-0.057929177, 0.0, -0.99832034, 0.0, 1.0, 0.0, 0.99832034, 0.0, -0.057929177]
114.75418,0.0,390.48557, [-0.06406564, 0.0, -0.99794537, 0.0, 1.0, 0.0, 0.99794537, 0.0, -0.06406564]
114.824066,0.0,390.48087, [-0.07016404, 0.0, -0.99753517, 0.0, 1.0, 0.0, 0.99753517, 0.0, -0.07016404]
114.89157,0.0,390.4759, [-0.076054886, 0.0, -0.99710333, 0.0, 1.0, 0.0, 0.99710333, 0.0, -0.076054886]
114.96095,0.0,390.4704, [-0.08210953, 0.0, -0.99662304, 0.0, 1.0, 0.0, 0.99662304, 0.0, -0.08210953]
115.03075,0.0,390.46445, [-0.08819993, 0.0, -0.9961026, 0.0, 1.0, 0.0, 0.9961026, 0.0, -0.08819993]
115.09995,0.0,390.4581, [-0.09423895, 0.0, -0.9955494, 0.0, 1.0, 0.0, 0.9955494, 0.0, -0.09423895]
115.16844,0.0,390.4514, [-0.10021566, 0.0, -0.99496543, 0.0, 1.0, 0.0, 0.99496543, 0.0, -0.10021566]
115.23703,0.0,390.44427, [-0.10620123, 0.0, -0.99434435, 0.0, 1.0, 0.0, 0.99434435, 0.0, -0.10620123]
115.307465,0.0,390.43652, [-0.11234743, 0.0, -0.9936687, 0.0, 1.0, 0.0, 0.9936687, 0.0, -0.11234743]
115.37607,0.0,390.42856, [-0.11833406, 0.0, -0.9929735, 0.0, 1.0, 0.0, 0.9929735, 0.0, -0.11833406]
115.445694,0.0,390.42004, [-0.12440929, 0.0, -0.99223065, 0.0, 1.0, 0.0, 0.99223065, 0.0, -0.12440929]
115.51517,0.0,390.4111, [-0.1304712, 0.0, -0.99145174, 0.0, 1.0, 0.0, 0.99145174, 0.0, -0.1304712]
115.58229,0.0,390.40204, [-0.13632843, 0.0, -0.99066335, 0.0, 1.0, 0.0, 0.99066335, 0.0, -0.13632843]
115.65059,0.0,390.39243, [-0.1422883, 0.0, -0.9898249, 0.0, 1.0, 0.0, 0.9898249, 0.0, -0.1422883]
115.720566,0.0,390.38214, [-0.14839429, 0.0, -0.98892784, 0.0, 1.0, 0.0, 0.98892784, 0.0, -0.14839429]
115.78959,0.0,390.37155, [-0.15441728, 0.0, -0.9880053, 0.0, 1.0, 0.0, 0.9880053, 0.0, -0.15441728]
115.926186,0.0,390.34937, [-0.16633697, 0.0, -0.98606855, 0.0, 1.0, 0.0, 0.98606855, 0.0, -0.16633697]
