44.0,0.0,239.40047, [1.0, 0.0, 0.0, 0.0, 1.0, 0.0, 0.0, 0.0, 1.0]
44.0,0.0,239.40741, [1.0, 0.0, 0.0, 0.0, 1.0, 0.0, 0.0, 0.0, 1.0]
44.0,0.0,239.42223, [1.0, 0.0, 0.0, 0.0, 1.0, 0.0, 0.0, 0.0, 1.0]
44.0,0.0,239.44461, [1.0, 0.0, 0.0, 0.0, 1.0, 0.0, 0.0, 0.0, 1.0]
44.0,0.0,239.47443, [1.0, 0.0, 0.0, 0.0, 1.0, 0.0, 0.0, 0.0, 1.0]
44.0,0.0,239.51236, [1.0, 0.0, 0.0, 0.0, 1.0, 0.0, 0.0, 0.0, 1.0]
44.0,0.0,239.55803, [1.0, 0.0, 0.0, 0.0, 1.0, 0.0, 0.0, 0.0, 1.0]
44.0,0.0,239.61066, [1.0, 0.0, 0.0, 0.0, 1.0, 0.0, 0.0, 0.0, 1.0]
44.0,0.0,239.67139, [1.0, 0.0, 0.0, 0.0, 1.0, 0.0, 0.0, 0.0, 1.0]
44.0,0.0,239.74045, [1.0, 0.0, 0.0, 0.0, 1.0, 0.0, 0.0, 0.0, 1.0]
44.0,0.0,239.81668, [1.0, 0.0, 0.0, 0.0, 1.0, 0.0, 0.0, 0.0, 1.0]
44.0,0.0,239.90149, [1.0, 0.0, 0.0, 0.0, 1.0, 0.0, 0.0, 0.0, 1.0]
44.0,0.0,239.99379, [1.0, 0.0, 0.0, 0.0, 1.0, 0.0, 0.0, 0.0, 1.0]
44.0,0.0,240.09265, [1.0, 0.0, 0.0, 0.0, 1.0, 0.0, 0.0, 0.0, 1.0]
44.0,0.0,240.19917, [1.0, 0.0, 0.0, 0.0, 1.0, 0.0, 0.0, 0.0, 1.0]
44.0,0.0,240.31354, [1.0, 0.0, 0.0, 0.0, 1.0, 0.0, 0.0, 0.0, 1.0]
44.0,0.0,240.43655, [1.0, 0.0, 0.0, 0.0, 1.0, 0.0, 0.0, 0.0, 1.0]
44.0,0.0,240.56715, [1.0, 0.0, 0.0, 0.0, 1.0, 0.0, 0.0, 0.0, 1.0]
44.0,0.0,240.7056, [1.0, 0.0, 0.0, 0.0, 1.0, 0.0, 0.0, 0.0, 1.0]
44.0,0.0,240.85176, [1.0, 0.0, 0.0, 0.0, 1.0, 0.0, 0.0, 0.0, 1.0]
44.0,0.0,241.00536, [1.0, 0.0, 0.0, 0.0, 1.0, 0.0, 0.0, 0.0, 1.0]
44.0,0.0,241.16658, [1.0, 0.0, 0.0, 0.0, 1.0, 0.0, 0.0, 0.0, 1.0]
44.0,0.0,241.33638, [1.0, 0.0, 0.0, 0.0, 1.0, 0.0, 0.0, 0.0, 1.0]
44.0,0.0,241.51483, [1.0, 0.0, 0.0, 0.0, 1.0, 0.0, 0.0, 0.0, 1.0]
44.0,0.0,241.69887, [1.0, 0.0, 0.0, 0.0, 1.0, 0.0, 0.0, 0.0, 1.0]
44.0,0.0,241.89114, [1.0, 0.0, 0.0, 0.0, 1.0, 0.0, 0.0, 0.0, 1.0]
44.0,0.0,242.08978, [1.0, 0.0, 0.0, 0.0, 1.0, 0.0, 0.0, 0.0, 1.0]
44.0,0.0,242.3272, [1.0, 0.0, 0.0, 0.0, 1.0, 0.0, 0.0, 0.0, 1.0]
44.0,0.0,242.54187, [1.0, 0.0, 0.0, 0.0, 1.0, 0.0, 0.0, 0.0, 1.0]
44.0,0.0,242.73297, [1.0, 0.0, 0.0, 0.0, 1.0, 0.0, 0.0, 0.0, 1.0]
44.0,0.0,242.96127, [1.0, 0.0, 0.0, 0.0, 1.0, 0.0, 0.0, 0.0, 1.0]
44.0,0.0,243.19528, [1.0, 0.0, 0.0, 0.0, 1.0, 0.0, 0.0, 0.0, 1.0]
44.0,0.0,243.44383, [1.0, 0.0, 0.0, 0.0, 1.0, 0.0, 0.0, 0.0, 1.0]
44.0,0.0,243.69904, [1.0, 0.0, 0.0, 0.0, 1.0, 0.0, 0.0, 0.0, 1.0]
44.0,0.0,243.95842, [1.0, 0.0, 0.0, 0.0, 1.0, 0.0, 0.0, 0.0, 1.0]
44.0,0.0,244.22783, [1.0, 0.0, 0.0, 0.0, 1.0, 0.0, 0.0, 0.0, 1.0]
44.0,0.0,244.50157, [1.0, 0.0, 0.0, 0.0, 1.0, 0.0, 0.0, 0.0, 1.0]
44.0,0.0,244.78998, [1.0, 0.0, 0.0, 0.0, 1.0, 0.0, 0.0, 0.0, 1.0]
44.0,0.0,245.08461, [1.0, 0.0, 0.0, 0.0, 1.0, 0.0, 0.0, 0.0, 1.0]
44.0,0.0,245.38234, [1.0, 0.0, 0.0, 0.0, 1.0, 0.0, 0.0, 0.0, 1.0]
44.0,0.0,245.6876, [1.0, 0.0, 0.0, 0.0, 1.0, 0.0, 0.0, 0.0, 1.0]
44.0,0.0,246.00298, [1.0, 0.0, 0.0, 0.0, 1.0, 0.0, 0.0, 0.0, 1.0]
44.0,0.0,246.3302, [1.0, 0.0, 0.0, 0.0, 1.0, 0.0, 0.0, 0.0, 1.0]
44.0,0.0,246.65971, [1.0, 0.0, 0.0, 0.0, 1.0, 0.0, 0.0, 0.0, 1.0]
44.0,0.0,246.99939, [1.0, 0.0, 0.0, 0.0, 1.0, 0.0, 0.0, 0.0, 1.0]
44.0,0.0,247.35147, [1.0, 0.0, 0.0, 0.0, 1.0, 0.0, 0.0, 0.0, 1.0]
44.0,0.0,247.70142, [1.0, 0.0, 0.0, 0.0, 1.0, 0.0, 0.0, 0.0, 1.0]
44.0,0.0,248.061, [1.0, 0.0, 0.0, 0.0, 1.0, 0.0, 0.0, 0.0, 1.0]
44.0,0.0,248.43051, [1.0, 0.0, 0.0, 0.0, 1.0, 0.0, 0.0, 0.0, 1.0]
44.0,0.0,248.80792, [1.0, 0.0, 0.0, 0.0, 1.0, 0.0, 0.0, 0.0, 1.0]
44.0,0.0,249.19322, [1.0, 0.0, 0.0, 0.0, 1.0, 0.0, 0.0, 0.0, 1.0]
44.0,0.0,249.5847, [1.0, 0.0, 0.0, 0.0, 1.0, 0.0, 0.0, 0.0, 1.0]
44.0,0.0,249.98535, [1.0, 0.0, 0.0, 0.0, 1.0, 0.0, 0.0, 0.0, 1.0]
44.0,0.0,250.39395, [1.0, 0.0, 0.0, 0.0, 1.0, 0.0, 0.0, 0.0, 1.0]
44.0,0.0,250.81287, [1.0, 0.0, 0.0, 0.0, 1.0, 0.0, 0.0, 0.0, 1.0]
44.0,0.0,251.23337, [1.0, 0.0, 0.0, 0.0, 1.0, 0.0, 0.0, 0.0, 1.0]
44.0,0.0,251.66286, [1.0, 0.0, 0.0, 0.0, 1.0, 0.0, 0.0, 0.0, 1.0]
44.0,0.0,252.10564, [1.0, 0.0, 0.0, 0.0, 1.0, 0.0, 0.0, 0.0, 1.0]
44.0,0.0,252.55807, [1.0, 0.0, 0.0, 0.0, 1.0, 0.0, 0.0, 0.0, 1.0]
44.0,0.0,253.01515, [1.0, 0.0, 0.0, 0.0, 1.0, 0.0, 0.0, 0.0, 1.0]
44.0,0.0,253.47453, [1.0, 0.0, 0.0, 0.0, 1.0, 0.0, 0.0, 0.0, 1.0]
44.0,0.0,253.94598, [1.0, 0.0, 0.0, 0.0, 1.0, 0.0, 0.0, 0.0, 1.0]
44.0,0.0,254.42036, [1.0, 0.0, 0.0, 0.0, 1.0, 0.0, 0.0, 0.0, 1.0]
44.0,0.0,254.90025, [1.0, 0.0, 0.0, 0.0, 1.0, 0.0, 0.0, 0.0, 1.0]
44.0,0.0,255.40228, [1.0, 0.0, 0.0, 0.0, 1.0, 0.0, 0.0, 0.0, 1.0]
44.0,0.0,255.9017, [1.0, 0.0, 0.0, 0.0, 1.0, 0.0, 0.0, 0.0, 1.0]
44.0,0.0,256.40085, [1.0, 0.0, 0.0, 0.0, 1.0, 0.0, 0.0, 0.0, 1.0]
44.0,0.0,256.9303, [1.0, 0.0, 0.0, 0.0, 1.0, 0.0, 0.0, 0.0, 1.0]
44.0,0.0,257.45486, [1.0, 0.0, 0.0, 0.0, 1.0, 0.0, 0.0, 0.0, 1.0]
44.001556,0.0,258.0409, [0.999996, 0.0, -0.0028158207, 0.0, 1.0, 0.0, 0.0028158207, 0.0, 0.999996]
44.004936,0.0,258.65048, [0.99998367, 0.0, -0.005712955, 0.0, 1.0, 0.0, 0.005712955, 0.0, 0.99998367]
44.01135,0.0,259.27197, [0.99994385, 0.0, -0.010595804, 0.0, 1.0, 0.0, 0.010595804, 0.0, 0.99994385]
44.021526,0.0,259.89563, [0.9998613, 0.0, -0.016655046, 0.0, 1.0, 0.0, 0.016655046, 0.0, 0.9998613]
44.035404,0.0,260.51776, [0.9997438, 0.0, -0.022635305, 0.0, 1.0, 0.0, 0.022635305, 0.0, 0.9997438]
44.05364,0.0,261.1418, [0.99956214, 0.0, -0.029591087, 0.0, 1.0, 0.0, 0.029591087, 0.0, 0.99956214]
44.0764,0.0,261.7672, [0.99932355, 0.0, -0.036776304, 0.0, 1.0, 0.0, 0.036776304, 0.0, 0.99932355]
44.103664,0.0,262.39224, [0.9990326, 0.0, -0.043975517, 0.0, 1.0, 0.0, 0.043975517, 0.0, 0.9990326]
44.135235,0.0,263.01318, [0.9986896, 0.0, -0.0511769, 0.0, 1.0, 0.0, 0.0511769, 0.0, 0.9986896]
44.17132,0.0,263.635, [0.99829704, 0.0, -0.058335565, 0.0, 1.0, 0.0, 0.058335565, 0.0, 0.99829704]
44.211906,0.0,264.257, [0.9978518, 0.0, -0.06551195, 0.0, 1.0, 0.0, 0.06551195, 0.0, 0.9978518]
44.257164,0.0,264.88156, [0.99735606, 0.0, -0.072669335, 0.0, 1.0, 0.0, 0.072669335, 0.0, 0.99735606]
44.307495,0.0,265.5129, [0.996806, 0.0, -0.07986049, 0.0, 1.0, 0.0, 0.07986049, 0.0, 0.996806]
44.36217,0.0,266.14206, [0.9962104, 0.0, -0.08697503, 0.0, 1.0, 0.0, 0.08697503, 0.0, 0.9962104]
44.419933,0.0,266.75613, [0.99556726, 0.0, -0.0940512, 0.0, 1.0, 0.0, 0.0940512, 0.0, 0.99556726]
44.481743,0.0,267.37064, [0.9949439, 0.0, -0.10043092, 0.0, 1.0, 0.0, 0.10043092, 0.0, 0.9949439]
44.547688,0.0,267.99158, [0.9943763, 0.0, -0.10590337, 0.0, 1.0, 0.0, 0.10590337, 0.0, 0.9943763]
44.61692,0.0,268.616, [0.99388087, 0.0, -0.11045596, 0.0, 1.0, 0.0, 0.11045596, 0.0, 0.99388087]
44.689137,0.0,269.24103, [0.9933618, 0.0, -0.11503066, 0.0, 1.0, 0.0, 0.11503066, 0.0, 0.9933618]
44.762524,0.0,269.8607, [0.99304134, 0.0, -0.11776455, 0.0, 1.0, 0.0, 0.11776455, 0.0, 0.99304134]
44.828003,0.0,270.4128, [0.99304134, 0.0, -0.11776455, 0.0, 1.0, 0.0, 0.11776455, 0.0, 0.99304134]
44.89319,0.0,270.9625, [0.99304134, 0.0, -0.11776455, 0.0, 1.0, 0.0, 0.11776455, 0.0, 0.99304134]
44.958794,0.0,271.51572, [0.99304134, 0.0, -0.11776455, 0.0, 1.0, 0.0, 0.11776455, 0.0, 0.99304134]
45.024567,0.0,272.07034, [0.99304134, 0.0, -0.11776455, 0.0, 1.0, 0.0, 0.11776455, 0.0, 0.99304134]
45.089573,0.0,272.6185, [0.99304134, 0.0, -0.11776455, 0.0, 1.0, 0.0, 0.11776455, 0.0, 0.99304134]
45.15462,0.0,273.16702, [0.99304134, 0.0, -0.11776455, 0.0, 1.0, 0.0, 0.11776455, 0.0, 0.99304134]
45.21981,0.0,273.7167, [0.99304134, 0.0, -0.11776455, 0.0, 1.0, 0.0, 0.11776455, 0.0, 0.99304134]
45.285717,0.0,274.27246, [0.99304134, 0.0, -0.11776455, 0.0, 1.0, 0.0, 0.11776455, 0.0, 0.99304134]
45.35133,0.0,274.82574, [0.99304134, 0.0, -0.11776455, 0.0, 1.0, 0.0, 0.11776455, 0.0, 0.99304134]
45.41664,0.0,275.3765, [0.99304134, 0.0, -0.11776455, 0.0, 1.0, 0.0, 0.11776455, 0.0, 0.99304134]
45.48179,0.0,275.92587, [0.99304134, 0.0, -0.11776455, 0.0, 1.0, 0.0, 0.11776455, 0.0, 0.99304134]
45.548923,0.0,276.49197, [0.99304134, 0.0, -0.11776455, 0.0, 1.0, 0.0, 0.11776455, 0.0, 0.99304134]
45.613464,0.0,277.0362, [0.99304134, 0.0, -0.11776455, 0.0, 1.0, 0.0, 0.11776455, 0.0, 0.99304134]
45.67815,0.0,277.58167, [0.99304134, 0.0, -0.11776455, 0.0, 1.0, 0.0, 0.11776455, 0.0, 0.99304134]
45.743725,0.0,278.1346, [0.99304134, 0.0, -0.11776455, 0.0, 1.0, 0.0, 0.11776455, 0.0, 0.99304134]
45.808804,0.0,278.68338, [0.99304134, 0.0, -0.11776455, 0.0, 1.0, 0.0, 0.11776455, 0.0, 0.99304134]
45.874237,0.0,279.23514, [0.99304134, 0.0, -0.11776455, 0.0, 1.0, 0.0, 0.11776455, 0.0, 0.99304134]
45.939583,0.0,279.78613, [0.99304134, 0.0, -0.11776455, 0.0, 1.0, 0.0, 0.11776455, 0.0, 0.99304134]
46.005054,0.0,280.33823, [0.99304134, 0.0, -0.11776455, 0.0, 1.0, 0.0, 0.11776455, 0.0, 0.99304134]
46.071953,0.0,280.90234, [0.99304134, 0.0, -0.11776455, 0.0, 1.0, 0.0, 0.11776455, 0.0, 0.99304134]
46.136578,0.0,281.44727, [0.99304134, 0.0, -0.11776455, 0.0, 1.0, 0.0, 0.11776455, 0.0, 0.99304134]
46.201977,0.0,281.99875, [0.99304134, 0.0, -0.11776455, 0.0, 1.0, 0.0, 0.11776455, 0.0, 0.99304134]
46.26716,0.0,282.5484, [0.99304134, 0.0, -0.11776455, 0.0, 1.0, 0.0, 0.11776455, 0.0, 0.99304134]
46.333027,0.0,283.10382, [0.99304134, 0.0, -0.11776455, 0.0, 1.0, 0.0, 0.11776455, 0.0, 0.99304134]
46.397915,0.0,283.65097, [0.99304134, 0.0, -0.11776455, 0.0, 1.0, 0.0, 0.11776455, 0.0, 0.99304134]
46.463654,0.0,284.20532, [0.99304134, 0.0, -0.11776455, 0.0, 1.0, 0.0, 0.11776455, 0.0, 0.99304134]
46.528816,0.0,284.7548, [0.99304134, 0.0, -0.11776455, 0.0, 1.0, 0.0, 0.11776455, 0.0, 0.99304134]
46.59468,0.0,285.31018, [0.99304134, 0.0, -0.11776455, 0.0, 1.0, 0.0, 0.11776455, 0.0, 0.99304134]
46.659657,0.0,285.8581, [0.99304134, 0.0, -0.11776455, 0.0, 1.0, 0.0, 0.11776455, 0.0, 0.99304134]
46.725887,0.0,286.41656, [0.99304134, 0.0, -0.11776455, 0.0, 1.0, 0.0, 0.11776455, 0.0, 0.99304134]
46.79118,0.0,286.96716, [0.99304134, 0.0, -0.11776455, 0.0, 1.0, 0.0, 0.11776455, 0.0, 0.99304134]
46.856636,0.0,287.51913, [0.99304134, 0.0, -0.11776455, 0.0, 1.0, 0.0, 0.11776455, 0.0, 0.99304134]
46.931694,0.0,288.13327, [0.99258816, 0.0, -0.121525206, 0.0, 1.0, 0.0, 0.121525206, 0.0, 0.99258816]
47.010323,0.0,288.75717, [0.99212635, 0.0, -0.12523954, 0.0, 1.0, 0.0, 0.12523954, 0.0, 0.99212635]
47.093002,0.0,289.383, [0.9913416, 0.0, -0.1313067, 0.0, 1.0, 0.0, 0.1313067, 0.0, 0.9913416]
47.17933,0.0,289.9998, [0.9902854, 0.0, -0.13904823, 0.0, 1.0, 0.0, 0.13904823, 0.0, 0.9902854]
47.27003,0.0,290.61337, [0.9891864, 0.0, -0.14666256, 0.0, 1.0, 0.0, 0.14666256, 0.0, 0.9891864]
47.367718,0.0,291.23618, [0.9878446, 0.0, -0.15544365, 0.0, 1.0, 0.0, 0.15544365, 0.0, 0.9878446]
47.469715,0.0,291.8473, [0.9862641, 0.0, -0.16517514, 0.0, 1.0, 0.0, 0.16517514, 0.0, 0.9862641]
47.578297,0.0,292.4612, [0.984625, 0.0, -0.17468083, 0.0, 1.0, 0.0, 0.17468083, 0.0, 0.984625]
47.6936,0.0,293.07675, [0.9828012, 0.0, -0.18466605, 0.0, 1.0, 0.0, 0.18466605, 0.0, 0.9828012]
47.814903,0.0,293.68933, [0.98083955, 0.0, -0.19481623, 0.0, 1.0, 0.0, 0.19481623, 0.0, 0.98083955]
47.94275,0.0,294.3017, [0.9787752, 0.0, -0.20493586, 0.0, 1.0, 0.0, 0.20493586, 0.0, 0.9787752]
48.07611,0.0,294.909, [0.97660106, 0.0, -0.2150581, 0.0, 1.0, 0.0, 0.2150581, 0.0, 0.97660106]
48.216213,0.0,295.517, [0.97433674, 0.0, -0.22509442, 0.0, 1.0, 0.0, 0.22509442, 0.0, 0.97433674]
48.36337,0.0,296.1267, [0.9719532, 0.0, -0.23517327, 0.0, 1.0, 0.0, 0.23517327, 0.0, 0.9719532]
48.516052,0.0,296.7317, [0.9694542, 0.0, -0.24527118, 0.0, 1.0, 0.0, 0.24527118, 0.0, 0.9694542]
48.674862,0.0,297.3346, [0.9668677, 0.0, -0.25527677, 0.0, 1.0, 0.0, 0.25527677, 0.0, 0.9668677]
48.843517,0.0,297.94907, [0.9641854, 0.0, -0.26522806, 0.0, 1.0, 0.0, 0.26522806, 0.0, 0.9641854]
49.012177,0.0,298.53918, [0.961333, 0.0, -0.27538764, 0.0, 1.0, 0.0, 0.27538764, 0.0, 0.961333]
49.19,0.0,299.13828, [0.9585069, 0.0, -0.28506845, 0.0, 1.0, 0.0, 0.28506845, 0.0, 0.9585069]
49.37356,0.0,299.73468, [0.9555874, 0.0, -0.29470688, 0.0, 1.0, 0.0, 0.29470688, 0.0, 0.9555874]
49.56324,0.0,300.33035, [0.9526905, 0.0, -0.30394107, 0.0, 1.0, 0.0, 0.30394107, 0.0, 0.9526905]
49.760372,0.0,300.92926, [0.94969636, 0.0, -0.31317106, 0.0, 1.0, 0.0, 0.31317106, 0.0, 0.94969636]
49.961117,0.0,301.52045, [0.9467292, 0.0, -0.32202986, 0.0, 1.0, 0.0, 0.32202986, 0.0, 0.9467292]
50.165154,0.0,302.10382, [0.94375974, 0.0, -0.33063096, 0.0, 1.0, 0.0, 0.33063096, 0.0, 0.94375974]
50.378876,0.0,302.69763, [0.9407426, 0.0, -0.33912036, 0.0, 1.0, 0.0, 0.33912036, 0.0, 0.9407426]
50.595207,0.0,303.2817, [0.93757063, 0.0, -0.34779394, 0.0, 1.0, 0.0, 0.34779394, 0.0, 0.93757063]
50.816917,0.0,303.86395, [0.93436027, 0.0, -0.35632882, 0.0, 1.0, 0.0, 0.35632882, 0.0, 0.93436027]
51.04477,0.0,304.44626, [0.9310637, 0.0, -0.36485565, 0.0, 1.0, 0.0, 0.36485565, 0.0, 0.9310637]
51.279846,0.0,305.03052, [0.92751986, 0.0, -0.37377304, 0.0, 1.0, 0.0, 0.37377304, 0.0, 0.92751986]
51.518726,0.0,305.60724, [0.92366517, 0.0, -0.3831997, 0.0, 1.0, 0.0, 0.3831997, 0.0, 0.92366517]
51.760944,0.0,306.17578, [0.91975784, 0.0, -0.39248553, 0.0, 1.0, 0.0, 0.39248553, 0.0, 0.91975784]
52.014942,0.0,306.75488, [0.9155571, 0.0, -0.40218714, 0.0, 1.0, 0.0, 0.40218714, 0.0, 0.9155571]
52.27599,0.0,307.3318, [0.9107952, 0.0, -0.41285762, 0.0, 1.0, 0.0, 0.41285762, 0.0, 0.9107952]
52.535995,0.0,307.88855, [0.9057863, 0.0, -0.42373395, 0.0, 1.0, 0.0, 0.42373395, 0.0, 0.9057863]
52.807503,0.0,308.45276, [0.9008191, 0.0, -0.4341936, 0.0, 1.0, 0.0, 0.4341936, 0.0, 0.9008191]
53.084602,0.0,309.01132, [0.8955285, 0.0, -0.44500327, 0.0, 1.0, 0.0, 0.44500327, 0.0, 0.8955285]
53.368343,0.0,309.5665, [0.89014226, 0.0, -0.45568177, 0.0, 1.0, 0.0, 0.45568177, 0.0, 0.89014226]
53.66277,0.0,310.12592, [0.884615, 0.0, -0.46632105, 0.0, 1.0, 0.0, 0.46632105, 0.0, 0.884615]
53.957954,0.0,310.67062, [0.8788717, 0.0, -0.4770572, 0.0, 1.0, 0.0, 0.4770572, 0.0, 0.8788717]
54.265057,0.0,311.22162, [0.8731649, 0.0, -0.48742378, 0.0, 1.0, 0.0, 0.48742378, 0.0, 0.8731649]
54.572323,0.0,311.75766, [0.8672441, 0.0, -0.49788198, 0.0, 1.0, 0.0, 0.49788198, 0.0, 0.8672441]
54.892082,0.0,312.3006, [0.8613558, 0.0, -0.5080011, 0.0, 1.0, 0.0, 0.5080011, 0.0, 0.8613558]
55.21188,0.0,312.82953, [0.85539836, 0.0, -0.51796967, 0.0, 1.0, 0.0, 0.51796967, 0.0, 0.85539836]
55.540096,0.0,313.36014, [0.8501587, 0.0, -0.5265256, 0.0, 1.0, 0.0, 0.5265256, 0.0, 0.8501587]
55.87409,0.0,313.88803, [0.8447592, 0.0, -0.5351456, 0.0, 1.0, 0.0, 0.5351456, 0.0, 0.8447592]
56.217625,0.0,314.42117, [0.8403606, 0.0, -0.5420267, 0.0, 1.0, 0.0, 0.5420267, 0.0, 0.8403606]
56.556896,0.0,314.9411, [0.83731157, 0.0, -0.546725, 0.0, 1.0, 0.0, 0.546725, 0.0, 0.83731157]
56.89853,0.0,315.45847, [0.834316, 0.0, -0.5512854, 0.0, 1.0, 0.0, 0.5512854, 0.0, 0.834316]
57.20483,0.0,315.92203, [0.834316, 0.0, -0.5512854, 0.0, 1.0, 0.0, 0.5512854, 0.0, 0.834316]
57.51555,0.0,316.39227, [0.834316, 0.0, -0.5512854, 0.0, 1.0, 0.0, 0.5512854, 0.0, 0.834316]
57.818504,0.0,316.85077, [0.834316, 0.0, -0.5512854, 0.0, 1.0, 0.0, 0.5512854, 0.0, 0.834316]
58.12587,0.0,317.31595, [0.834316, 0.0, -0.5512854, 0.0, 1.0, 0.0, 0.5512854, 0.0, 0.834316]
58.43528,0.0,317.7842, [0.834316, 0.0, -0.5512854, 0.0, 1.0, 0.0, 0.5512854, 0.0, 0.834316]
58.737633,0.0,318.2418, [0.834316, 0.0, -0.5512854, 0.0, 1.0, 0.0, 0.5512854, 0.0, 0.834316]
59.046913,0.0,318.70987, [0.834316, 0.0, -0.5512854, 0.0, 1.0, 0.0, 0.5512854, 0.0, 0.834316]
59.356236,0.0,319.178, [0.834316, 0.0, -0.5512854, 0.0, 1.0, 0.0, 0.5512854, 0.0, 0.834316]
59.656536,0.0,319.63248, [0.834316, 0.0, -0.5512854, 0.0, 1.0, 0.0, 0.5512854, 0.0, 0.834316]
59.963097,0.0,320.09644, [0.834316, 0.0, -0.5512854, 0.0, 1.0, 0.0, 0.5512854, 0.0, 0.834316]
60.2733,0.0,320.5659, [0.834316, 0.0, -0.5512854, 0.0, 1.0, 0.0, 0.5512854, 0.0, 0.834316]
60.581623,0.0,321.0325, [0.834316, 0.0, -0.5512854, 0.0, 1.0, 0.0, 0.5512854, 0.0, 0.834316]
60.883633,0.0,321.48956, [0.834316, 0.0, -0.5512854, 0.0, 1.0, 0.0, 0.5512854, 0.0, 0.834316]
61.189137,0.0,321.9519, [0.834316, 0.0, -0.5512854, 0.0, 1.0, 0.0, 0.5512854, 0.0, 0.834316]
61.497276,0.0,322.41824, [0.834316, 0.0, -0.5512854, 0.0, 1.0, 0.0, 0.5512854, 0.0, 0.834316]
61.839584,0.0,322.9396, [0.8362471, 0.0, -0.54835176, 0.0, 1.0, 0.0, 0.54835176, 0.0, 0.8362471]
62.177696,0.0,323.45853, [0.83815026, 0.0, -0.54543835, 0.0, 1.0, 0.0, 0.54543835, 0.0, 0.83815026]
62.515846,0.0,323.98456, [0.84177274, 0.0, -0.53983104, 0.0, 1.0, 0.0, 0.53983104, 0.0, 0.84177274]
62.847534,0.0,324.5113, [0.84708494, 0.0, -0.5314566, 0.0, 1.0, 0.0, 0.5314566, 0.0, 0.84708494]
63.177612,0.0,325.04715, [0.8522796, 0.0, -0.5230855, 0.0, 1.0, 0.0, 0.5230855, 0.0, 0.8522796]
63.496876,0.0,325.5794, [0.8586091, 0.0, -0.5126299, 0.0, 1.0, 0.0, 0.5126299, 0.0, 0.8586091]
63.812897,0.0,326.12097, [0.8647047, 0.0, -0.5022796, 0.0, 1.0, 0.0, 0.5022796, 0.0, 0.8647047]
64.12155,0.0,326.66498, [0.8707572, 0.0, -0.4917122, 0.0, 1.0, 0.0, 0.4917122, 0.0, 0.8707572]
64.42826,0.0,327.2212, [0.8766539, 0.0, -0.4811204, 0.0, 1.0, 0.0, 0.4811204, 0.0, 0.8766539]
64.722496,0.0,327.77057, [0.8825249, 0.0, -0.47026452, 0.0, 1.0, 0.0, 0.47026452, 0.0, 0.8825249]
65.00876,0.0,328.32104, [0.88812906, 0.0, -0.45959288, 0.0, 1.0, 0.0, 0.45959288, 0.0, 0.88812906]
65.29148,0.0,328.8811, [0.89359313, 0.0, -0.44887653, 0.0, 1.0, 0.0, 0.44887653, 0.0, 0.89359313]
65.56598,0.0,329.44165, [0.89899534, 0.0, -0.43795675, 0.0, 1.0, 0.0, 0.43795675, 0.0, 0.89899534]
65.833694,0.0,330.00555, [0.9042258, 0.0, -0.42705315, 0.0, 1.0, 0.0, 0.42705315, 0.0, 0.9042258]
66.09511,0.0,330.57382, [0.9093296, 0.0, -0.4160751, 0.0, 1.0, 0.0, 0.4160751, 0.0, 0.9093296]
66.34896,0.0,331.14377, [0.91431075, 0.0, -0.40501195, 0.0, 1.0, 0.0, 0.40501195, 0.0, 0.91431075]
66.59592,0.0,331.7168, [0.91914237, 0.0, -0.393924, 0.0, 1.0, 0.0, 0.393924, 0.0, 0.91914237]
66.83688,0.0,332.29507, [0.92384183, 0.0, -0.38277295, 0.0, 1.0, 0.0, 0.38277295, 0.0, 0.92384183]
67.070274,0.0,332.8749, [0.9284259, 0.0, -0.37151605, 0.0, 1.0, 0.0, 0.37151605, 0.0, 0.9284259]
67.29688,0.0,333.45822, [0.9328592, 0.0, -0.3602396, 0.0, 1.0, 0.0, 0.3602396, 0.0, 0.9328592]
67.5153,0.0,334.04126, [0.93716276, 0.0, -0.3488907, 0.0, 1.0, 0.0, 0.3488907, 0.0, 0.93716276]
67.72695,0.0,334.62778, [0.9413041, 0.0, -0.3375581, 0.0, 1.0, 0.0, 0.3375581, 0.0, 0.9413041]
67.93486,0.0,335.2236, [0.9447256, 0.0, -0.32786044, 0.0, 1.0, 0.0, 0.32786044, 0.0, 0.9447256]
68.136566,0.0,335.8121, [0.94623387, 0.0, -0.32348168, 0.0, 1.0, 0.0, 0.32348168, 0.0, 0.94623387]
68.33623,0.0,336.40347, [0.94769585, 0.0, -0.31917307, 0.0, 1.0, 0.0, 0.31917307, 0.0, 0.94769585]
68.51325,0.0,336.9291, [0.94769585, 0.0, -0.31917307, 0.0, 1.0, 0.0, 0.31917307, 0.0, 0.94769585]
68.69056,0.0,337.45557, [0.94769585, 0.0, -0.31917307, 0.0, 1.0, 0.0, 0.31917307, 0.0, 0.94769585]
68.868195,0.0,337.983, [0.94769585, 0.0, -0.31917307, 0.0, 1.0, 0.0, 0.31917307, 0.0, 0.94769585]
69.04604,0.0,338.51108, [0.94769585, 0.0, -0.31917307, 0.0, 1.0, 0.0, 0.31917307, 0.0, 0.94769585]
69.22397,0.0,339.03937, [0.94769585, 0.0, -0.31917307, 0.0, 1.0, 0.0, 0.31917307, 0.0, 0.94769585]
69.40015,0.0,339.56247, [0.94769585, 0.0, -0.31917307, 0.0, 1.0, 0.0, 0.31917307, 0.0, 0.94769585]
69.57864,0.0,340.09247, [0.94769585, 0.0, -0.31917307, 0.0, 1.0, 0.0, 0.31917307, 0.0, 0.94769585]
69.754715,0.0,340.61526, [0.94769585, 0.0, -0.31917307, 0.0, 1.0, 0.0, 0.31917307, 0.0, 0.94769585]
69.93263,0.0,341.14352, [0.94769585, 0.0, -0.31917307, 0.0, 1.0, 0.0, 0.31917307, 0.0, 0.94769585]
70.13475,0.0,341.7358, [0.9463317, 0.0, -0.3231955, 0.0, 1.0, 0.0, 0.3231955, 0.0, 0.9463317]
70.3407,0.0,342.32547, [0.9439427, 0.0, -0.33010766, 0.0, 1.0, 0.0, 0.33010766, 0.0, 0.9439427]
70.55218,0.0,342.91705, [0.94150794, 0.0, -0.33698913, 0.0, 1.0, 0.0, 0.33698913, 0.0, 0.94150794]
70.765594,0.0,343.49567, [0.9380195, 0.0, -0.34658083, 0.0, 1.0, 0.0, 0.34658083, 0.0, 0.9380195]
70.98845,0.0,344.07852, [0.93381804, 0.0, -0.35774678, 0.0, 1.0, 0.0, 0.35774678, 0.0, 0.93381804]
71.2182,0.0,344.65826, [0.929413, 0.0, -0.3690398, 0.0, 1.0, 0.0, 0.3690398, 0.0, 0.929413]
71.45827,0.0,345.24332, [0.9248839, 0.0, -0.38024828, 0.0, 1.0, 0.0, 0.38024828, 0.0, 0.9248839]
71.70066,0.0,345.814, [0.9201431, 0.0, -0.3915809, 0.0, 1.0, 0.0, 0.3915809, 0.0, 0.9201431]
71.95105,0.0,346.38437, [0.9153817, 0.0, -0.40258574, 0.0, 1.0, 0.0, 0.40258574, 0.0, 0.9153817]
72.20936,0.0,346.95395, [0.9104478, 0.0, -0.41362295, 0.0, 1.0, 0.0, 0.41362295, 0.0, 0.9104478]
72.47967,0.0,347.53125, [0.9053625, 0.0, -0.42463857, 0.0, 1.0, 0.0, 0.42463857, 0.0, 0.9053625]
72.746544,0.0,348.0834, [0.9000319, 0.0, -0.43582302, 0.0, 1.0, 0.0, 0.43582302, 0.0, 0.9000319]
73.024895,0.0,348.6422, [0.8948133, 0.0, -0.4464396, 0.0, 1.0, 0.0, 0.4464396, 0.0, 0.8948133]
73.31094,0.0,349.1995, [0.88932747, 0.0, -0.45726994, 0.0, 1.0, 0.0, 0.45726994, 0.0, 0.88932747]
73.602806,0.0,349.75146, [0.88370734, 0.0, -0.46803892, 0.0, 1.0, 0.0, 0.46803892, 0.0, 0.88370734]
73.900635,0.0,350.29858, [0.8779782, 0.0, -0.4786996, 0.0, 1.0, 0.0, 0.4786996, 0.0, 0.8779782]
74.20688,0.0,350.8453, [0.8721332, 0.0, -0.48926753, 0.0, 1.0, 0.0, 0.48926753, 0.0, 0.8721332]
74.52095,0.0,351.39035, [0.86611867, 0.0, -0.49983743, 0.0, 1.0, 0.0, 0.49983743, 0.0, 0.86611867]
74.840004,0.0,351.92877, [0.85995454, 0.0, -0.51036966, 0.0, 1.0, 0.0, 0.51036966, 0.0, 0.85995454]
75.1673,0.0,352.46613, [0.8537016, 0.0, -0.52076155, 0.0, 1.0, 0.0, 0.52076155, 0.0, 0.8537016]
75.49663,0.0,352.99228, [0.84727967, 0.0, -0.5311461, 0.0, 1.0, 0.0, 0.5311461, 0.0, 0.84727967]
75.83349,0.0,353.51633, [0.84083694, 0.0, -0.5412876, 0.0, 1.0, 0.0, 0.5412876, 0.0, 0.84083694]
76.178635,0.0,354.03928, [0.8342322, 0.0, -0.55141234, 0.0, 1.0, 0.0, 0.55141234, 0.0, 0.8342322]
76.52869,0.0,354.55585, [0.82746667, 0.0, -0.5615139, 0.0, 1.0, 0.0, 0.5615139, 0.0, 0.82746667]
76.888115,0.0,355.0727, [0.82061553, 0.0, -0.57147974, 0.0, 1.0, 0.0, 0.57147974, 0.0, 0.82061553]
77.25037,0.0,355.5803, [0.81356966, 0.0, -0.58146656, 0.0, 1.0, 0.0, 0.58146656, 0.0, 0.81356966]
77.61925,0.0,356.08417, [0.8064886, 0.0, -0.59124887, 0.0, 1.0, 0.0, 0.59124887, 0.0, 0.8064886]
77.99204,0.0,356.58066, [0.7992676, 0.0, -0.6009745, 0.0, 1.0, 0.0, 0.6009745, 0.0, 0.7992676]
78.37431,0.0,357.0772, [0.7919798, 0.0, -0.6105465, 0.0, 1.0, 0.0, 0.6105465, 0.0, 0.7919798]
78.76095,0.0,357.56702, [0.78449285, 0.0, -0.6201371, 0.0, 1.0, 0.0, 0.6201371, 0.0, 0.78449285]
79.153946,0.0,358.05264, [0.7769369, 0.0, -0.62957764, 0.0, 1.0, 0.0, 0.62957764, 0.0, 0.7769369]
79.5567,0.0,358.5382, [0.7692511, 0.0, -0.63894576, 0.0, 1.0, 0.0, 0.63894576, 0.0, 0.7692511]
79.95782,0.0,359.00995, [0.7613679, 0.0, -0.6483192, 0.0, 1.0, 0.0, 0.6483192, 0.0, 0.7613679]
80.370056,0.0,359.4831, [0.7535482, 0.0, -0.6573918, 0.0, 1.0, 0.0, 0.6573918, 0.0, 0.7535482]
80.787315,0.0,359.9504, [0.7454766, 0.0, -0.6665309, 0.0, 1.0, 0.0, 0.6665309, 0.0, 0.7454766]
81.20698,0.0,360.40912, [0.7373281, 0.0, -0.67553395, 0.0, 1.0, 0.0, 0.67553395, 0.0, 0.7373281]
81.63655,0.0,360.8674, [0.7291382, 0.0, -0.6843657, 0.0, 1.0, 0.0, 0.6843657, 0.0, 0.7291382]
82.06747,0.0,361.31604, [0.72073656, 0.0, -0.6932083, 0.0, 1.0, 0.0, 0.6932083, 0.0, 0.72073656]
82.50843,0.0,361.76422, [0.71233404, 0.0, -0.7018398, 0.0, 1.0, 0.0, 0.7018398, 0.0, 0.71233404]
82.9482,0.0,362.20038, [0.70371145, 0.0, -0.7104851, 0.0, 1.0, 0.0, 0.7104851, 0.0, 0.70371145]
83.399315,0.0,362.63718, [0.6951452, 0.0, -0.7188686, 0.0, 1.0, 0.0, 0.7188686, 0.0, 0.6951452]
83.85371,0.0,363.06656, [0.6863231, 0.0, -0.727296, 0.0, 1.0, 0.0, 0.727296, 0.0, 0.6863231]
84.311165,0.0,363.48846, [0.677463, 0.0, -0.73555607, 0.0, 1.0, 0.0, 0.73555607, 0.0, 0.677463]
84.77918,0.0,363.9002, [0.6595233, 0.0, -0.7516833, 0.0, 1.0, 0.0, 0.7516833, 0.0, 0.6595233]
85.25766,0.0,364.30106, [0.64115477, 0.0, -0.7674108, 0.0, 1.0, 0.0, 0.7674108, 0.0, 0.64115477]
85.746895,0.0,364.69116, [0.622388, 0.0, -0.78270817, 0.0, 1.0, 0.0, 0.78270817, 0.0, 0.622388]
86.24529,0.0,365.06912, [0.6032069, 0.0, -0.7975841, 0.0, 1.0, 0.0, 0.7975841, 0.0, 0.6032069]
86.75162,0.0,365.43414, [0.58368343, 0.0, -0.81198066, 0.0, 1.0, 0.0, 0.81198066, 0.0, 0.58368343]
87.264885,0.0,365.7856, [0.5638636, 0.0, -0.8258673, 0.0, 1.0, 0.0, 0.8258673, 0.0, 0.5638636]
87.78718,0.0,366.12497, [0.54368854, 0.0, -0.83928645, 0.0, 1.0, 0.0, 0.83928645, 0.0, 0.54368854]
88.315445,0.0,366.45013, [0.5230122, 0.0, -0.85232455, 0.0, 1.0, 0.0, 0.85232455, 0.0, 0.5230122]
88.83989,0.0,366.7556, [0.50214267, 0.0, -0.8647842, 0.0, 1.0, 0.0, 0.8647842, 0.0, 0.50214267]
89.36606,0.0,367.04535, [0.48117417, 0.0, -0.87662446, 0.0, 1.0, 0.0, 0.87662446, 0.0, 0.48117417]
89.899,0.0,367.3222, [0.45975885, 0.0, -0.8880433, 0.0, 1.0, 0.0, 0.8880433, 0.0, 0.45975885]
90.43642,0.0,367.58502, [0.43807274, 0.0, -0.898939, 0.0, 1.0, 0.0, 0.898939, 0.0, 0.43807274]
90.97342,0.0,367.83163, [0.41602337, 0.0, -0.90935344, 0.0, 1.0, 0.0, 0.90935344, 0.0, 0.41602337]
91.50606,0.0,368.06085, [0.3939519, 0.0, -0.9191306, 0.0, 1.0, 0.0, 0.9191306, 0.0, 0.3939519]
92.04111,0.0,368.27594, [0.37166584, 0.0, -0.9283661, 0.0, 1.0, 0.0, 0.9283661, 0.0, 0.37166584]
92.58775,0.0,368.48047, [0.349075, 0.0, -0.93709433, 0.0, 1.0, 0.0, 0.93709433, 0.0, 0.349075]
93.13142,0.0,368.66876, [0.32584658, 0.0, -0.9454222, 0.0, 1.0, 0.0, 0.9454222, 0.0, 0.32584658]
93.662926,0.0,368.83865, [0.30307025, 0.0, -0.95296776, 0.0, 1.0, 0.0, 0.95296776, 0.0, 0.30307025]
94.20233,0.0,368.99683, [0.27996257, 0.0, -0.96001047, 0.0, 1.0, 0.0, 0.96001047, 0.0, 0.27996257]
94.737206,0.0,369.13962, [0.2564472, 0.0, -0.9665578, 0.0, 1.0, 0.0, 0.9665578, 0.0, 0.2564472]
95.27161,0.0,369.26862, [0.23323672, 0.0, -0.9724196, 0.0, 1.0, 0.0, 0.9724196, 0.0, 0.23323672]
95.80663,0.0,369.38403, [0.20931756, 0.0, -0.97784734, 0.0, 1.0, 0.0, 0.97784734, 0.0, 0.20931756]
96.33412,0.0,369.48462, [0.18581605, 0.0, -0.98258424, 0.0, 1.0, 0.0, 0.98258424, 0.0, 0.18581605]
96.868904,0.0,369.57318, [0.16186258, 0.0, -0.986813, 0.0, 1.0, 0.0, 0.986813, 0.0, 0.16186258]
97.39891,0.0,369.6539, [0.1497956, 0.0, -0.9887167, 0.0, 1.0, 0.0, 0.9887167, 0.0, 0.1497956]
97.9313,0.0,369.7284, [0.13779564, 0.0, -0.99046046, 0.0, 1.0, 0.0, 0.99046046, 0.0, 0.13779564]
98.47282,0.0,369.7975, [0.12583409, 0.0, -0.9920511, 0.0, 1.0, 0.0, 0.9920511, 0.0, 0.12583409]
99.02162,0.0,369.86075, [0.1137705, 0.0, -0.99350685, 0.0, 1.0, 0.0, 0.99350685, 0.0, 0.1137705]
99.57904,0.0,369.91824, [0.10181499, 0.0, -0.99480313, 0.0, 1.0, 0.0, 0.99480313, 0.0, 0.10181499]
100.2772,0.0,369.98154, [0.08969559, 0.0, -0.99596894, 0.0, 1.0, 0.0, 0.99596894, 0.0, 0.08969559]
101.33622,0.0,370.06134, [0.07453909, 0.0, -0.99721783, 0.0, 1.0, 0.0, 0.99721783, 0.0, 0.07453909]
101.72406,0.0,370.08337, [0.053315353, 0.0, -0.9985775, 0.0, 1.0, 0.0, 0.9985775, 0.0, 0.053315353]
101.956154,0.0,370.0945, [0.047506515, 0.0, -0.9988707, 0.0, 1.0, 0.0, 0.9988707, 0.0, 0.047506515]
102.73285,0.0,370.12424, [0.037905693, 0.0, -0.99928105, 0.0, 1.0, 0.0, 0.99928105, 0.0, 0.037905693]
103.07585,0.0,370.13138, [0.01714116, 0.0, -0.99985284, 0.0, 1.0, 0.0, 0.99985284, 0.0, 0.01714116]
103.29057,0.0,370.1341, [0.012253905, 0.0, -0.9999247, 0.0, 1.0, 0.0, 0.9999247, 0.0, 0.012253905]
103.70365,0.0,370.13522, [0.0019744094, 0.0, -0.99999785, 0.0, 1.0, 0.0, 0.99999785, 0.0, 0.0019744094]
104.18018,0.0,370.13205, [-0.007150078, 0.0, -0.99997425, 0.0, 1.0, 0.0, 0.99997425, 0.0, -0.007150078]
104.80773,0.0,370.12036, [-0.019296288, 0.0, -0.9998136, 0.0, 1.0, 0.0, 0.9998136, 0.0, -0.019296288]
105.46593,0.0,370.10007, [-0.031466447, 0.0, -0.9995046, 0.0, 1.0, 0.0, 0.9995046, 0.0, -0.031466447]
106.05929,0.0,370.07425, [-0.044301037, 0.0, -0.9990181, 0.0, 1.0, 0.0, 0.9990181, 0.0, -0.044301037]
106.672264,0.0,370.04047, [-0.05563802, 0.0, -0.9984508, 0.0, 1.0, 0.0, 0.9984508, 0.0, -0.05563802]
107.29628,0.0,369.9985, [-0.067743465, 0.0, -0.9977026, 0.0, 1.0, 0.0, 0.9977026, 0.0, -0.067743465]
107.92551,0.0,369.95093, [-0.075852804, 0.0, -0.99711883, 0.0, 1.0, 0.0, 0.99711883, 0.0, -0.075852804]
108.538506,0.0,369.90283, [-0.07840151, 0.0, -0.99692166, 0.0, 1.0, 0.0, 0.99692166, 0.0, -0.07840151]
109.165184,0.0,369.85205, [-0.08087324, 0.0, -0.9967241, 0.0, 1.0, 0.0, 0.9967241, 0.0, -0.08087324]
109.71324,0.0,369.8076, [-0.08087324, 0.0, -0.9967241, 0.0, 1.0, 0.0, 0.9967241, 0.0, -0.08087324]
110.272865,0.0,369.76218, [-0.08087324, 0.0, -0.9967241, 0.0, 1.0, 0.0, 0.9967241, 0.0, -0.08087324]
110.82732,0.0,369.7172, [-0.08087324, 0.0, -0.9967241, 0.0, 1.0, 0.0, 0.9967241, 0.0, -0.08087324]
111.37683,0.0,369.6726, [-0.08087324, 0.0, -0.9967241, 0.0, 1.0, 0.0, 0.9967241, 0.0, -0.08087324]
111.930275,0.0,369.62772, [-0.08087324, 0.0, -0.9967241, 0.0, 1.0, 0.0, 0.9967241, 0.0, -0.08087324]
112.48739,0.0,369.58252, [-0.08087324, 0.0, -0.9967241, 0.0, 1.0, 0.0, 0.9967241, 0.0, -0.08087324]
113.03908,0.0,369.53775, [-0.08087324, 0.0, -0.9967241, 0.0, 1.0, 0.0, 0.9967241, 0.0, -0.08087324]
113.59427,0.0,369.4927, [-0.08087324, 0.0, -0.9967241, 0.0, 1.0, 0.0, 0.9967241, 0.0, -0.08087324]
114.14882,0.0,369.44772, [-0.08087324, 0.0, -0.9967241, 0.0, 1.0, 0.0, 0.9967241, 0.0, -0.08087324]
114.77084,0.0,369.3995, [-0.07658716, 0.0, -0.9970627, 0.0, 1.0, 0.0, 0.9970627, 0.0, -0.07658716]
115.389984,0.0,369.35535, [-0.07003768, 0.0, -0.9975441, 0.0, 1.0, 0.0, 0.9975441, 0.0, -0.07003768]
116.01092,0.0,369.31516, [-0.06351976, 0.0, -0.99798036, 0.0, 1.0, 0.0, 0.99798036, 0.0, -0.06351976]
116.638115,0.0,369.2796, [-0.055238966, 0.0, -0.9984729, 0.0, 1.0, 0.0, 0.9984729, 0.0, -0.055238966]
117.26299,0.0,369.24994, [-0.045841545, 0.0, -0.99894845, 0.0, 1.0, 0.0, 0.99894845, 0.0, -0.045841545]
118.0579,0.0,369.22028, [-0.036032185, 0.0, -0.99935037, 0.0, 1.0, 0.0, 0.99935037, 0.0, -0.036032185]
118.53763,0.0,369.20752, [-0.022814501, 0.0, -0.99973947, 0.0, 1.0, 0.0, 0.99973947, 0.0, -0.022814501]
119.0546,0.0,369.19888, [-0.01572768, 0.0, -0.9998761, 0.0, 1.0, 0.0, 0.9998761, 0.0, -0.01572768]
119.60277,0.0,369.19547, [-0.0035699094, 0.0, -0.9999934, 0.0, 1.0, 0.0, 0.9999934, 0.0, -0.0035699094]
120.16037,0.0,369.19766, [0.005411463, 0.0, -0.9999851, 0.0, 1.0, 0.0, 0.9999851, 0.0, 0.005411463]
120.791245,0.0,369.207, [0.016728966, 0.0, -0.99985975, 0.0, 1.0, 0.0, 0.99985975, 0.0, 0.016728966]
121.41137,0.0,369.22336, [0.028355345, 0.0, -0.9995976, 0.0, 1.0, 0.0, 0.9995976, 0.0, 0.028355345]
122.04135,0.0,369.24734, [0.039959416, 0.0, -0.999201, 0.0, 1.0, 0.0, 0.999201, 0.0, 0.039959416]
122.66185,0.0,369.27826, [0.051798962, 0.0, -0.9986572, 0.0, 1.0, 0.0, 0.9986572, 0.0, 0.051798962]
123.28552,0.0,369.3167, [0.06347442, 0.0, -0.9979832, 0.0, 1.0, 0.0, 0.9979832, 0.0, 0.06347442]
123.90524,0.0,369.36227, [0.07524521, 0.0, -0.9971648, 0.0, 1.0, 0.0, 0.9971648, 0.0, 0.07524521]
124.52334,0.0,369.41498, [0.08691934, 0.0, -0.99621505, 0.0, 1.0, 0.0, 0.99621505, 0.0, 0.08691934]
125.148766,0.0,369.4757, [0.098570004, 0.0, -0.99512976, 0.0, 1.0, 0.0, 0.99512976, 0.0, 0.098570004]
125.769585,0.0,369.5434, [0.11037791, 0.0, -0.99388933, 0.0, 1.0, 0.0, 0.99388933, 0.0, 0.11037791]
126.38723,0.0,369.61813, [0.12206755, 0.0, -0.9925214, 0.0, 1.0, 0.0, 0.9925214, 0.0, 0.12206755]
127.01505,0.0,369.70148, [0.13346232, 0.0, -0.9910535, 0.0, 1.0, 0.0, 0.9910535, 0.0, 0.13346232]
127.63392,0.0,369.7902, [0.14365685, 0.0, -0.9896272, 0.0, 1.0, 0.0, 0.9896272, 0.0, 0.14365685]
128.25356,0.0,369.8855, [0.15366387, 0.0, -0.9881228, 0.0, 1.0, 0.0, 0.9881228, 0.0, 0.15366387]
128.86821,0.0,369.98505, [0.16109097, 0.0, -0.98693925, 0.0, 1.0, 0.0, 0.98693925, 0.0, 0.16109097]
129.47952,0.0,370.0869, [0.16499195, 0.0, -0.9862946, 0.0, 1.0, 0.0, 0.9862946, 0.0, 0.16499195]
130.09274,0.0,370.1916, [0.16887383, 0.0, -0.9856374, 0.0, 1.0, 0.0, 0.9856374, 0.0, 0.16887383]
130.6429,0.0,370.28586, [0.16887383, 0.0, -0.9856374, 0.0, 1.0, 0.0, 0.9856374, 0.0, 0.16887383]
131.1889,0.0,370.3794, [0.16887383, 0.0, -0.9856374, 0.0, 1.0, 0.0, 0.9856374, 0.0, 0.16887383]
131.74017,0.0,370.47385, [0.16887383, 0.0, -0.9856374, 0.0, 1.0, 0.0, 0.9856374, 0.0, 0.16887383]
132.28732,0.0,370.5676, [0.16887383, 0.0, -0.9856374, 0.0, 1.0, 0.0, 0.9856374, 0.0, 0.16887383]
132.833,0.0,370.6611, [0.16887383, 0.0, -0.9856374, 0.0, 1.0, 0.0, 0.9856374, 0.0, 0.16887383]
133.37775,0.0,370.75443, [0.16887383, 0.0, -0.9856374, 0.0, 1.0, 0.0, 0.9856374, 0.0, 0.16887383]
133.93204,0.0,370.8494, [0.16887383, 0.0, -0.9856374, 0.0, 1.0, 0.0, 0.9856374, 0.0, 0.16887383]
134.47508,0.0,370.94244, [0.16887383, 0.0, -0.9856374, 0.0, 1.0, 0.0, 0.9856374, 0.0, 0.16887383]
135.02644,0.0,371.03693, [0.16887383, 0.0, -0.9856374, 0.0, 1.0, 0.0, 0.9856374, 0.0, 0.16887383]
135.57486,0.0,371.1309, [0.16887383, 0.0, -0.9856374, 0.0, 1.0, 0.0, 0.9856374, 0.0, 0.16887383]
136.11948,0.0,371.2242, [0.16887383, 0.0, -0.9856374, 0.0, 1.0, 0.0, 0.9856374, 0.0, 0.16887383]
136.66373,0.0,371.31747, [0.16887383, 0.0, -0.9856374, 0.0, 1.0, 0.0, 0.9856374, 0.0, 0.16887383]
137.21506,0.0,371.41193, [0.16887383, 0.0, -0.9856374, 0.0, 1.0, 0.0, 0.9856374, 0.0, 0.16887383]
137.76318,0.0,371.50583, [0.16887383, 0.0, -0.9856374, 0.0, 1.0, 0.0, 0.9856374, 0.0, 0.16887383]
138.30635,0.0,371.5989, [0.16887383, 0.0, -0.9856374, 0.0, 1.0, 0.0, 0.9856374, 0.0, 0.16887383]
138.85518,0.0,371.69293, [0.16887383, 0.0, -0.9856374, 0.0, 1.0, 0.0, 0.9856374, 0.0, 0.16887383]
139.41014,0.0,371.78802, [0.16887383, 0.0, -0.9856374, 0.0, 1.0, 0.0, 0.9856374, 0.0, 0.16887383]
139.94865,0.0,371.88028, [0.16887383, 0.0, -0.9856374, 0.0, 1.0, 0.0, 0.9856374, 0.0, 0.16887383]
140.49622,0.0,371.9741, [0.16887383, 0.0, -0.9856374, 0.0, 1.0, 0.0, 0.9856374, 0.0, 0.16887383]
141.04942,0.0,372.06888, [0.16887383, 0.0, -0.9856374, 0.0, 1.0, 0.0, 0.9856374, 0.0, 0.16887383]
141.59796,0.0,372.16287, [0.16887383, 0.0, -0.9856374, 0.0, 1.0, 0.0, 0.9856374, 0.0, 0.16887383]
142.14885,0.0,372.25726, [0.16887383, 0.0, -0.9856374, 0.0, 1.0, 0.0, 0.9856374, 0.0, 0.16887383]
142.69461,0.0,372.35077, [0.16887383, 0.0, -0.9856374, 0.0, 1.0, 0.0, 0.9856374, 0.0, 0.16887383]
143.23512,0.0,372.4434, [0.16887383, 0.0, -0.9856374, 0.0, 1.0, 0.0, 0.9856374, 0.0, 0.16887383]
143.78389,0.0,372.5374, [0.16887383, 0.0, -0.9856374, 0.0, 1.0, 0.0, 0.9856374, 0.0, 0.16887383]
144.33194,0.0,372.63132, [0.16887383, 0.0, -0.9856374, 0.0, 1.0, 0.0, 0.9856374, 0.0, 0.16887383]
144.87846,0.0,372.72495, [0.16887383, 0.0, -0.9856374, 0.0, 1.0, 0.0, 0.9856374, 0.0, 0.16887383]
145.42319,0.0,372.81827, [0.16887383, 0.0, -0.9856374, 0.0, 1.0, 0.0, 0.9856374, 0.0, 0.16887383]
145.97955,0.0,372.9136, [0.16887383, 0.0, -0.9856374, 0.0, 1.0, 0.0, 0.9856374, 0.0, 0.16887383]
146.52106,0.0,373.00638, [0.16887383, 0.0, -0.9856374, 0.0, 1.0, 0.0, 0.9856374, 0.0, 0.16887383]
147.08064,0.0,373.10226, [0.16887383, 0.0, -0.9856374, 0.0, 1.0, 0.0, 0.9856374, 0.0, 0.16887383]
147.62114,0.0,373.1949, [0.16887383, 0.0, -0.9856374, 0.0, 1.0, 0.0, 0.9856374, 0.0, 0.16887383]
148.16856,0.0,373.28867, [0.16887383, 0.0, -0.9856374, 0.0, 1.0, 0.0, 0.9856374, 0.0, 0.16887383]
148.71054,0.0,373.38153, [0.16887383, 0.0, -0.9856374, 0.0, 1.0, 0.0, 0.9856374, 0.0, 0.16887383]
149.2631,0.0,373.4762, [0.16887383, 0.0, -0.9856374, 0.0, 1.0, 0.0, 0.9856374, 0.0, 0.16887383]
149.81244,0.0,373.5703, [0.16887383, 0.0, -0.9856374, 0.0, 1.0, 0.0, 0.9856374, 0.0, 0.16887383]
150.35513,0.0,373.6633, [0.16887383, 0.0, -0.9856374, 0.0, 1.0, 0.0, 0.9856374, 0.0, 0.16887383]
150.90265,0.0,373.7571, [0.16887383, 0.0, -0.9856374, 0.0, 1.0, 0.0, 0.9856374, 0.0, 0.16887383]
151.45164,0.0,373.85117, [0.16887383, 0.0, -0.9856374, 0.0, 1.0, 0.0, 0.9856374, 0.0, 0.16887383]
152.00409,0.0,373.94583, [0.16887383, 0.0, -0.9856374, 0.0, 1.0, 0.0, 0.9856374, 0.0, 0.16887383]
152.54608,0.0,374.0387, [0.16887383, 0.0, -0.9856374, 0.0, 1.0, 0.0, 0.9856374, 0.0, 0.16887383]
153.09167,0.0,374.13217, [0.16887383, 0.0, -0.9856374, 0.0, 1.0, 0.0, 0.9856374, 0.0, 0.16887383]
153.63962,0.0,374.22604, [0.16887383, 0.0, -0.9856374, 0.0, 1.0, 0.0, 0.9856374, 0.0, 0.16887383]
154.18906,0.0,374.3202, [0.16887383, 0.0, -0.9856374, 0.0, 1.0, 0.0, 0.9856374, 0.0, 0.16887383]
154.73776,0.0,374.4142, [0.16887383, 0.0, -0.9856374, 0.0, 1.0, 0.0, 0.9856374, 0.0, 0.16887383]
155.28241,0.0,374.50754, [0.16887383, 0.0, -0.9856374, 0.0, 1.0, 0.0, 0.9856374, 0.0, 0.16887383]
155.83383,0.0,374.60202, [0.16887383, 0.0, -0.9856374, 0.0, 1.0, 0.0, 0.9856374, 0.0, 0.16887383]
156.37881,0.0,374.6954, [0.16887383, 0.0, -0.9856374, 0.0, 1.0, 0.0, 0.9856374, 0.0, 0.16887383]
156.92705,0.0,374.78934, [0.16887383, 0.0, -0.9856374, 0.0, 1.0, 0.0, 0.9856374, 0.0, 0.16887383]
157.47055,0.0,374.88245, [0.16887383, 0.0, -0.9856374, 0.0, 1.0, 0.0, 0.9856374, 0.0, 0.16887383]
158.02063,0.0,374.97668, [0.16887383, 0.0, -0.9856374, 0.0, 1.0, 0.0, 0.9856374, 0.0, 0.16887383]
158.57472,0.0,375.07162, [0.16887383, 0.0, -0.9856374, 0.0, 1.0, 0.0, 0.9856374, 0.0, 0.16887383]
159.11464,0.0,375.16412, [0.16887383, 0.0, -0.9856374, 0.0, 1.0, 0.0, 0.9856374, 0.0, 0.16887383]
159.66206,0.0,375.2579, [0.16887383, 0.0, -0.9856374, 0.0, 1.0, 0.0, 0.9856374, 0.0, 0.16887383]
160.2137,0.0,375.35242, [0.16887383, 0.0, -0.9856374, 0.0, 1.0, 0.0, 0.9856374, 0.0, 0.16887383]
160.76328,0.0,375.44656, [0.16887383, 0.0, -0.9856374, 0.0, 1.0, 0.0, 0.9856374, 0.0, 0.16887383]
161.30795,0.0,375.5399, [0.16887383, 0.0, -0.9856374, 0.0, 1.0, 0.0, 0.9856374, 0.0, 0.16887383]
161.85231,0.0,375.63315, [0.16887383, 0.0, -0.9856374, 0.0, 1.0, 0.0, 0.9856374, 0.0, 0.16887383]
162.47253,0.0,375.73782, [0.16625847, 0.0, -0.98608196, 0.0, 1.0, 0.0, 0.98608196, 0.0, 0.16625847]
163.09377,0.0,375.84094, [0.16360562, 0.0, -0.98652554, 0.0, 1.0, 0.0, 0.98652554, 0.0, 0.16360562]
163.71138,0.0,375.9406, [0.15904476, 0.0, -0.9872711, 0.0, 1.0, 0.0, 0.9872711, 0.0, 0.15904476]
164.31776,0.0,376.03497, [0.15341899, 0.0, -0.9881609, 0.0, 1.0, 0.0, 0.9881609, 0.0, 0.15341899]
164.94441,0.0,376.12888, [0.14790392, 0.0, -0.9890014, 0.0, 1.0, 0.0, 0.9890014, 0.0, 0.14790392]
165.55974,0.0,376.21698, [0.14136979, 0.0, -0.9899565, 0.0, 1.0, 0.0, 0.9899565, 0.0, 0.14136979]
166.1776,0.0,376.30112, [0.1345972, 0.0, -0.99090004, 0.0, 1.0, 0.0, 0.99090004, 0.0, 0.1345972]
166.79913,0.0,376.38144, [0.1277715, 0.0, -0.9918033, 0.0, 1.0, 0.0, 0.9918033, 0.0, 0.1277715]
167.42085,0.0,376.45724, [0.12061948, 0.0, -0.9926985, 0.0, 1.0, 0.0, 0.9926985, 0.0, 0.12061948]
168.03842,0.0,376.52795, [0.11333104, 0.0, -0.9935569, 0.0, 1.0, 0.0, 0.9935569, 0.0, 0.11333104]
168.661,0.0,376.59464, [0.106097355, 0.0, -0.9943554, 0.0, 1.0, 0.0, 0.9943554, 0.0, 0.106097355]
169.28752,0.0,376.65704, [0.098698, 0.0, -0.9951171, 0.0, 1.0, 0.0, 0.9951171, 0.0, 0.098698]
169.91402,0.0,376.7147, [0.091255315, 0.0, -0.9958272, 0.0, 1.0, 0.0, 0.9958272, 0.0, 0.091255315]
170.5281,0.0,376.7666, [0.08381868, 0.0, -0.99648064, 0.0, 1.0, 0.0, 0.99648064, 0.0, 0.08381868]
171.1493,0.0,376.81454, [0.07653813, 0.0, -0.99706626, 0.0, 1.0, 0.0, 0.99706626, 0.0, 0.07653813]
171.76947,0.0,376.8578, [0.06914191, 0.0, -0.99760646, 0.0, 1.0, 0.0, 0.99760646, 0.0, 0.06914191]
172.39941,0.0,376.89703, [0.061774153, 0.0, -0.9980898, 0.0, 1.0, 0.0, 0.9980898, 0.0, 0.061774153]
173.02367,0.0,376.9312, [0.054281667, 0.0, -0.99852526, 0.0, 1.0, 0.0, 0.99852526, 0.0, 0.054281667]
173.64932,0.0,376.96085, [0.046882115, 0.0, -0.99890006, 0.0, 1.0, 0.0, 0.99890006, 0.0, 0.046882115]
174.2732,0.0,376.9858, [0.039564308, 0.0, -0.9992166, 0.0, 1.0, 0.0, 0.9992166, 0.0, 0.039564308]
174.89436,0.0,377.00613, [0.03227412, 0.0, -0.99947864, 0.0, 1.0, 0.0, 0.99947864, 0.0, 0.03227412]
175.56247,0.0,377.02353, [0.025654381, 0.0, -0.99967045, 0.0, 1.0, 0.0, 0.99967045, 0.0, 0.025654381]
176.1518,0.0,377.03534, [0.01964282, 0.0, -0.99980664, 0.0, 1.0, 0.0, 0.99980664, 0.0, 0.01964282]
176.75735,0.0,377.04507, [0.015895436, 0.0, -0.9998732, 0.0, 1.0, 0.0, 0.9998732, 0.0, 0.015895436]
177.3809,0.0,377.05258, [0.01185659, 0.0, -0.99992925, 0.0, 1.0, 0.0, 0.99992925, 0.0, 0.01185659]
177.94327,0.0,377.05927, [0.01185659, 0.0, -0.99992925, 0.0, 1.0, 0.0, 0.99992925, 0.0, 0.01185659]
178.4935,0.0,377.0658, [0.01185659, 0.0, -0.99992925, 0.0, 1.0, 0.0, 0.99992925, 0.0, 0.01185659]
179.04657,0.0,377.07236, [0.01185659, 0.0, -0.99992925, 0.0, 1.0, 0.0, 0.99992925, 0.0, 0.01185659]
179.60732,0.0,377.079, [0.01185659, 0.0, -0.99992925, 0.0, 1.0, 0.0, 0.99992925, 0.0, 0.01185659]
180.16345,0.0,377.0856, [0.01185659, 0.0, -0.99992925, 0.0, 1.0, 0.0, 0.99992925, 0.0, 0.01185659]
180.71402,0.0,377.09213, [0.01185659, 0.0, -0.99992925, 0.0, 1.0, 0.0, 0.99992925, 0.0, 0.01185659]
