1234	1054	33
0.13869425654411316	0.008322924375534058	-2.3570668417960405e-05	0.9151999950408936	0.9939000010490417	1.0	3	0.0	0	0.0	0	0.9998198747634888	0.018982568755745888	9.155580482911319e-05	0.018961086869239807	-0.9984387755393982	-0.052540991455316544	-0.0009059501462616026	0.05253325775265694	-0.9986187815666199
0.1241450384259224	-0.05134660005569458	-0.05538211762905121	0.96670001745224	0.9549000263214111	1.0	3	0.0	0	0.0	0	0.9264800548553467	-0.31590721011161804	-0.20454160869121552	-0.3183962106704712	-0.9477154016494751	0.02143009752035141	-0.20061717927455902	0.04527072235941887	-0.9786232113838196
0.10251497477293015	-0.009722769260406494	-0.1532640904188156	0.934499979019165	0.8816999793052673	1.0	3	0.0	0	0.0	0	0.6620184183120728	-0.06305227428674698	-0.7468307018280029	-0.06157828867435455	-0.9976621270179749	0.029638879001140594	-0.7469534873962402	0.0263670701533556	-0.6643532514572144
0.13564209640026093	-0.05926871299743652	-2.35823099501431e-05	0.9718999862670898	0.9955999851226807	1.0	3	0.0	0	0.0	0	0.8799541592597961	-0.4750586450099945	0.00021363295672927052	-0.47469407320022583	-0.8793274760246277	-0.03806399181485176	0.018270479515194893	0.03339315205812454	-0.999275267124176
-0.059638746082782745	0.006395965814590454	-2.3592787329107523e-05	0.9129999876022339	0.6870999932289124	1.0	3	0.0	0	0.0	0	-0.9898614287376404	-0.14203660190105438	3.051925159525126e-05	0.14201883971691132	-0.9897357821464539	0.015928728505969048	-0.002232256345450878	0.015771567821502686	0.999873161315918
-0.078887939453125	0.21856889128684998	-2.3823289666324854e-05	0.7567999958992004	0.6845999956130981	1.0	3	0.0	0	0.0	0	-0.9928581714630127	0.1193004697561264	3.051943349419162e-05	-0.11926537752151489	-0.9926787614822388	0.019100133329629898	0.002308950759470463	0.01896008290350437	0.9998176693916321
-0.07168878614902496	0.2099476158618927	-0.1389782726764679	0.7617999911308289	0.7720000147819519	1.0	11	0.0	0	0.0	0	-0.9852155447006226	0.10876984894275665	-0.13236106932163239	-0.10239143669605255	-0.9932748079299927	-0.05404810979962349	-0.1373497098684311	-0.03969639539718628	0.9897268414497375
-0.03297669440507889	-0.006688624620437622	-0.16018392145633698	0.9222000241279602	0.7890999913215637	1.0	3	0.0	0	0.0	0	-0.6124233603477478	-0.035371437668800354	-0.7897382974624634	0.07889144122600555	-0.9967460632324219	-0.01653539016842842	-0.7865836024284363	-0.07243024557828903	0.6132210493087769
0.09537820518016815	0.18776199221611023	-0.144670307636261	0.7840999960899353	0.8772000074386597	1.0	11	0.0	0	0.0	0	0.8188581466674805	0.14093723893165588	-0.5564243793487549	0.0911259800195694	-0.9890133738517761	-0.11639852821826935	-0.5667160153388977	0.04460916295647621	-0.8227046728134155
0.12611304223537445	0.19396963715553284	-2.3771601263433695e-05	0.7563999891281128	0.9847999811172485	1.0	3	0.0	0	0.0	0	0.9660051465034485	0.25852304697036743	6.103719351813197e-05	0.2578488886356354	-0.963473916053772	-0.07233262062072754	-0.01864083856344223	0.06988941133022308	-0.9973805546760559
0.05630505830049515	0.3100961148738861	-0.04902069270610809	0.683899998664856	0.9909999966621399	1.0	3	0.0	0	0.0	0	0.7194826602935791	0.576379656791687	-0.38746777176856995	0.6036611795425415	-0.24312108755111694	0.7592663764953613	0.34342408180236816	-0.7801782488822937	-0.5228594541549683
0.04376363009214401	0.293594092130661	-0.10571853071451187	0.6510999798774719	0.9509999752044678	1.0	3	0.0	0	0.0	0	0.4573635160923004	0.8099234700202942	-0.367209255695343	0.7797788381576538	-0.16674548387527466	0.6034409403800964	0.42751049995422363	-0.562333881855011	-0.7078244686126709
-0.03547067195177078	0.29564717411994934	-0.10359799861907959	0.5978000164031982	0.954200029373169	1.0	3	0.0	0	0.0	0	-0.5338131785392761	0.7385061383247375	-0.41188856959342957	0.6344660520553589	0.027790648862719536	-0.7724511027336121	-0.5590131878852844	-0.6736738085746765	-0.48339203000068665
-0.01756582409143448	0.3254408538341522	-0.07312847673892975	0.6008999943733215	0.9958999752998352	1.0	3	0.0	0	0.0	0	-0.5499868392944336	0.10556597262620926	-0.8284747004508972	0.8227075338363647	-0.1023179441690445	-0.5591810941696167	-0.14379830658435822	-0.9891345500946045	-0.030576396733522415
0.07717370241880417	0.3074020445346832	-2.3899658117443323e-05	0.7350000143051147	0.9951000213623047	1.0	3	0.0	0	0.0	0	0.9917076230049133	0.12851455807685852	0.0003662253147922456	0.023732798174023628	-0.18587981164455414	0.9822859168052673	0.12630610167980194	-0.9741315841674805	-0.18738842010498047
0.12611304223537445	0.19396963715553284	-2.3771601263433695e-05	0.7621999979019165	0.8730999827384949	1.0	3	0.0	0	0.0	0	0.9660051465034485	0.25852304697036743	6.103719351813197e-05	0.07146256417036057	-0.26724913716316223	0.9609740376472473	0.24845021963119507	-0.9283014535903931	-0.2766387462615967
0.07717370241880417	0.3074020445346832	-2.3899658117443323e-05	0.3034999966621399	0.9429000020027161	1.0	3	0.0	0	0.0	0	0.9917076230049133	0.12851455807685852	0.0003662253147922456	0.024500859901309013	-0.19175992906093597	0.9811360239982605	0.12616050243377686	-0.9729910492897034	-0.19331850111484528
0.05630505830049515	0.3100961148738861	-0.04902069270610809	0.2524000108242035	0.9387999773025513	1.0	3	0.0	0	0.0	0	0.7194826602935791	0.576379656791687	-0.38746777176856995	0.5191783905029297	-0.0758020430803299	0.8512977957725525	0.461299866437912	-0.8136588931083679	-0.35378211736679077
-0.0034228824079036713	0.34685298800468445	-0.10839725285768509	0.1784999966621399	0.9815999865531921	1.0	11	0.0	0	0.0	0	-0.22385717928409576	-0.9508513808250427	-0.21393850445747375	0.9680545926094055	-0.24236448109149933	0.06426313519477844	-0.11295579373836517	-0.19271840155124664	0.9747311472892761
0.08787105232477188	0.3297604024410248	-2.392224268987775e-05	0.3138999938964844	0.9721999764442444	1.0	11	0.0	0	0.0	0	0.2417384684085846	-0.9703414440155029	9.155604493571445e-05	0.6179561018943787	0.15401975810527802	0.7709788084030151	-0.7481268048286438	-0.18631865084171295	0.6368609070777893
-0.01756582409143448	0.3254408538341522	-0.07312847673892975	0.16940000653266907	0.9437000155448914	1.0	3	0.0	0	0.0	0	-0.5499868392944336	0.10556597262620926	-0.8284747004508972	0.8044036030769348	-0.19981195032596588	-0.5594730973243713	-0.22460046410560608	-0.9741308689117432	0.024976298213005066
-0.05496669560670853	0.32412949204444885	-2.3933884222060442e-05	0.09070000052452087	0.9379000067710876	1.0	3	0.0	0	0.0	0	-0.9992568492889404	0.0385456420481205	6.103822670411319e-05	-0.0017588172340765595	-0.044566769152879715	-0.9990049004554749	-0.03850456699728966	-0.9982625842094421	0.0446014441549778
-0.07038421183824539	0.3730933964252472	-2.3988133762031794e-05	0.07460000365972519	0.984499990940094	1.0	11	0.0	0	0.0	0	-0.5647310018539429	-0.8252751231193542	0.0	0.374027281999588	-0.25593000650405884	-0.8914053440093994	0.7356545925140381	-0.5034042000770569	0.45320695638656616
-0.07168878614902496	0.2099476158618927	-0.1389782726764679	0.6065000295639038	0.8659999966621399	1.0	11	0.0	0	0.0	0	-0.9852155447006226	0.10876984894275665	-0.13236106932163239	0.14583180844783783	0.12699681520462036	-0.9811243414878845	-0.08990731835365295	-0.9859213829040527	-0.14098134636878967
-0.078887939453125	0.21856889128684998	-2.3823289666324854e-05	0.5045999884605408	0.8920999765396118	1.0	3	0.0	0	0.0	0	-0.9928581714630127	0.1193004697561264	3.051943349419162e-05	0.01624305173754692	0.13533355295658112	-0.990666925907135	-0.11819115281105042	-0.9835913181304932	-0.1363048404455185
-0.05496669560670853	0.32412949204444885	-2.3933884222060442e-05	0.5220999717712402	0.9901999831199646	1.0	3	0.0	0	0.0	0	-0.9992568492889404	0.0385456420481205	6.103822670411319e-05	0.0032388458494096994	0.08523116260766983	-0.9963560104370117	-0.03841037675738335	-0.9956153035163879	-0.08529265969991684
0.09537820518016815	0.18776199221611023	-0.144670307636261	0.6574000120162964	0.8446000218391418	1.0	11	0.0	0	0.0	0	0.8188581466674805	0.14093723893165588	-0.5564243793487549	0.5719648003578186	-0.11906826496124268	0.8115904331207275	0.0481308288872242	-0.9828325510025024	-0.17811116576194763
-0.06427712738513947	0.19585534930229187	-0.23596754670143127	0.6388000249862671	0.7710000276565552	1.0	6	0.0	0	0.0	0	-0.610260009765625	0.5631385445594788	-0.5571873188018799	-0.08810442686080933	0.6507296562194824	0.7541807293891907	0.7872865200042725	0.5093370079994202	-0.3474993109703064
-0.034878745675086975	0.26963016390800476	-0.15136712789535522	0.7113999724388123	0.7508999705314636	1.0	6	0.0	0	0.0	0	-0.44305384159088135	0.76051926612854	-0.47467219829559326	-0.01044852752238512	0.5250592231750488	0.8510016202926636	0.8964341878890991	0.3819991648197174	-0.22468319535255432
0.042236894369125366	0.2687143385410309	-0.15292949974536896	0.708899974822998	0.7050999999046326	1.0	6	0.0	0	0.0	0	0.4467383921146393	0.7012370824813843	-0.5555999875068665	-0.014942069537937641	0.6267761588096619	0.779056191444397	0.8945398926734924	-0.33973249793052673	0.29048290848731995
0.0021270294673740864	0.1744142472743988	-0.24835604429244995	0.6115000247955322	0.7250999808311462	1.0	6	0.0	0	0.0	0	0.517878532409668	0.4834834933280945	-0.7057235240936279	0.007219100836664438	0.8224684000015259	0.5687649846076965	0.8554237484931946	-0.2996458411216736	0.42244839668273926
0.09537820518016815	0.18776199221611023	-0.144670307636261	0.6680999994277954	0.6524999737739563	1.0	11	0.0	0	0.0	0	0.8188581466674805	0.14093723893165588	-0.5564243793487549	0.3292423188686371	0.6787391901016235	0.6564394235610962	0.47018375992774963	-0.7207292318344116	0.5093885660171509
0.016628341749310493	0.13054892420768738	-0.20951566100120544	0.5863999724388123	0.6712999939918518	1.0	6	0.0	0	0.0	0	0.6933690309524536	-0.6416081786155701	0.32799142599105835	0.42890822887420654	0.7332378029823303	0.5276362895965576	-0.5790314674377441	-0.22516842186450958	0.7835953831672668
-0.07168878614902496	0.2099476158618927	-0.1389782726764679	0.6047999858856201	0.570900022983551	1.0	11	0.0	0	0.0	0	-0.9852155447006226	0.10876984894275665	-0.13236106932163239	0.025105126202106476	0.8558129668235779	0.5166760087013245	0.16947509348392487	0.5057142972946167	-0.8458908796310425
-0.07700871676206589	0.15199491381645203	-0.1844036877155304	0.5738999843597412	0.6014999747276306	1.0	6	0.0	0	0.0	0	-0.7755820155143738	-0.41866111755371094	0.47243577241897583	0.29335418343544006	0.42367517948150635	0.8569962978363037	-0.5589502453804016	0.8032618761062622	-0.2057788372039795
0.04376363009214401	0.293594092130661	-0.10571853071451187	0.741100013256073	0.7001000046730042	1.0	3	0.0	0	0.0	0	0.4573635160923004	0.8099234700202942	-0.367209255695343	-0.12088867276906967	0.4657239615917206	0.8766340017318726	0.8810246586799622	-0.3565489649772644	0.3109157383441925
-0.03547067195177078	0.29564717411994934	-0.10359799861907959	0.7455999851226807	0.7498999834060669	1.0	3	0.0	0	0.0	0	-0.5338131785392761	0.7385061383247375	-0.41188856959342957	-0.05219797417521477	0.45738843083381653	0.8877338171005249	0.843989908695221	0.49538373947143555	-0.2056114375591278
-0.07168878614902496	0.2099476158618927	-0.1389782726764679	0.6941999793052673	0.7968999743461609	1.0	11	0.0	0	0.0	0	-0.9852155447006226	0.10876984894275665	-0.13236106932163239	-0.0636005699634552	0.4851486086845398	0.8721157908439636	0.15907469391822815	0.8676401972770691	-0.47105810046195984
-0.052392758429050446	-0.12647658586502075	-0.2807226777076721	0.7946000099182129	0.2998000383377075	1.0	8	0.0	0	0.0	0	-0.39302343130111694	-0.8522731065750122	0.34520021080970764	-0.38252532482147217	0.4929419755935669	0.7814618349075317	-0.8361825346946716	0.17508500814437866	-0.5197537541389465
0.0390147939324379	-0.13307805359363556	-0.30639272928237915	0.770799994468689	0.38429999351501465	1.0	8	0.0	0	0.0	0	0.40449920296669006	-0.9086430668830872	0.10367314517498016	0.2169947624206543	0.2055111825466156	0.954294741153717	-0.8884192705154419	-0.3635149598121643	0.2802999019622803
0.049067527055740356	-0.0889938473701477	-0.26855698227882385	0.828499972820282	0.3984000086784363	1.0	8	0.0	0	0.0	0	0.3686766028404236	-0.36992791295051575	0.8527783155441284	-0.024219460785388947	0.9132787585258484	0.40661460161209106	-0.9292424321174622	-0.17056313157081604	0.3277450501918793
-0.07537657022476196	-0.08238646388053894	-0.25862401723861694	0.8482999801635742	0.28450000286102295	1.0	8	0.0	0	0.0	0	-0.6259526610374451	-0.22218115627765656	0.7475419640541077	-0.3830302357673645	0.9225620627403259	-0.04655212163925171	-0.6793107390403748	-0.3154705762863159	-0.6625821590423584
-0.05671490728855133	0.04384109377861023	-0.27637016773223877	0.9718000292778015	0.2937999963760376	1.0	8	0.0	0	0.0	0	-0.6792904734611511	-0.07513762265443802	0.7300129532814026	0.33423343300819397	0.8539174795150757	0.3988896608352661	-0.6533424258232117	0.5149566531181335	-0.5549445152282715
-0.04576864838600159	0.09015718102455139	-0.32681789994239807	0.9948999881744385	0.2287999987602234	1.0	8	0.0	0	0.0	0	-0.4950558543205261	0.452176034450531	-0.7419276237487793	0.3425474762916565	0.8863195180892944	0.3116071820259094	0.7984861731529236	-0.09988245368003845	-0.5936693549156189
-0.08428635448217392	0.021858781576156616	-0.3447871506214142	0.9391000270843506	0.24449998140335083	1.0	8	0.0	0	0.0	0	-0.7484306693077087	0.30696550011634827	-0.5878978967666626	0.2396729439496994	0.9517201781272888	0.1917961686849594	0.6183890104293823	0.0026428995188325644	-0.7858677506446838
-0.09065096825361252	0.007127523422241211	-0.27938365936279297	0.9337000250816345	0.28390002250671387	1.0	8	0.0	0	0.0	0	-0.7798882126808167	0.23093895614147186	0.5817574262619019	0.15975722670555115	0.972104549407959	-0.17172767221927643	-0.6051875948905945	-0.04098843038082123	-0.7950270175933838
0.027558568865060806	0.08679574728012085	-0.32503193616867065	0.9940000176429749	0.1680999994277954	1.0	8	0.0	0	0.0	0	0.5710559487342834	0.651933491230011	-0.4988766610622406	-0.3749825656414032	0.7477719187736511	0.5479281544685364	0.7302586436271667	-0.1258275955915451	0.6714832782745361
0.06036077439785004	0.02417650818824768	-0.36364880204200745	0.9381999969482422	0.1589999794960022	1.0	8	0.0	0	0.0	0	0.5711652636528015	0.3112644851207733	-0.7595292925834656	-0.17210358381271362	0.9501577019691467	0.2599630653858185	0.8025897741317749	-0.01776416040956974	0.5962667465209961
0.08000209182500839	0.013904929161071777	-0.28741908073425293	0.9366000294685364	0.44110000133514404	1.0	8	0.0	0	0.0	0	0.817432701587677	0.2739425003528595	0.5067142248153687	-0.19910511374473572	0.959831953048706	-0.19768597185611725	-0.540515124797821	0.06070556864142418	0.8391413688659668
0.020295940339565277	0.043269187211990356	-0.27090102434158325	0.975600004196167	0.37909996509552	1.0	8	0.0	0	0.0	0	0.41026344895362854	-0.253976970911026	0.8758878707885742	-0.21601390838623047	0.9060413837432861	0.36390528082847595	-0.8860141634941101	-0.3385010063648224	0.3168531060218811
-0.06812307983636856	-0.09053543210029602	-0.3601891100406647	0.8676999807357788	0.22829997539520264	1.0	8	0.0	0	0.0	0	-0.6030677556991577	-0.4241922199726105	-0.6755518317222595	-0.1102893054485321	0.8830946087837219	-0.45604854822158813	0.7900283932685852	-0.20052200555801392	-0.5793497562408447
0.052526071667671204	-0.09825822710990906	-0.37469804286956787	0.8626999855041504	0.169700026512146	1.0	8	0.0	0	0.0	0	0.5158061385154724	-0.4291008710861206	-0.7414960861206055	0.11352384090423584	0.8921237587928772	-0.43729594349861145	0.8491503596305847	0.14138242602348328	0.5088760852813721
0.05799546837806702	-0.09435281157493591	-0.3078435957431793	0.8500000238418579	0.14010000228881836	1.0	8	0.0	0	0.0	0	0.9175125360488892	-0.3968034088611603	-0.026795368641614914	0.3062376081943512	0.7478734254837036	-0.5889854431152344	0.2537509799003601	0.5321957468986511	0.8076993823051453
0.08099158853292465	-0.06913304328918457	-0.27581149339675903	0.8468999862670898	0.43070000410079956	1.0	8	0.0	0	0.0	0	0.8380687236785889	-0.25837910175323486	0.48050087690353394	0.2412252426147461	0.9654722213745117	0.09835510700941086	-0.4893231689929962	0.033480603247880936	0.8714596629142761
0.08099158853292465	-0.06913304328918457	-0.27581149339675903	0.8641999959945679	0.10710000991821289	1.0	8	0.0	0	0.0	0	0.8380687236785889	-0.25837910175323486	0.48050087690353394	0.43183767795562744	0.8523960709571838	-0.2948512136936188	-0.3333936631679535	0.45460399985313416	0.8259443044662476
0.08000209182500839	0.013904929161071777	-0.28741908073425293	0.9366000294685364	0.10519999265670776	1.0	8	0.0	0	0.0	0	0.817432701587677	0.2739425003528595	0.5067142248153687	-0.3944072127342224	0.9073033332824707	0.14575208723545074	-0.4198158383369446	-0.31899428367614746	0.8497042655944824
0.020295940339565277	0.043269187211990356	-0.27090102434158325	0.48559999465942383	0.6869000196456909	1.0	8	0.0	0	0.0	0	0.41026344895362854	-0.253976970911026	0.8758878707885742	-0.1328652948141098	0.933542788028717	0.332933634519577	-0.90223628282547	-0.25296562910079956	0.34925377368927
0.027558568865060806	0.08679574728012085	-0.32503193616867065	0.5051000118255615	0.7462999820709229	1.0	8	0.0	0	0.0	0	0.5710559487342834	0.651933491230011	-0.4988766610622406	-0.35029709339141846	0.7431290149688721	0.5701326727867126	0.7424182891845703	-0.15082260966300964	0.652738630771637
-0.052392758429050446	-0.12647658586502075	-0.2807226777076721	0.8220000267028809	0.24070000648498535	1.0	8	0.0	0	0.0	0	-0.39302343130111694	-0.8522731065750122	0.34520021080970764	-0.6426794528961182	-0.01386503130197525	-0.7660096883773804	0.6576356291770935	-0.522912859916687	-0.542289137840271
0.0390147939324379	-0.13307805359363556	-0.30639272928237915	0.8235999941825867	0.1704999804496765	1.0	8	0.0	0	0.0	0	0.40449920296669006	-0.9086430668830872	0.10367314517498016	0.34018170833587646	0.04428521543741226	-0.9393163323402405	0.8489121198654175	0.4152204394340515	0.3270170986652374
0.049067527055740356	-0.0889938473701477	-0.26855698227882385	0.8327999711036682	0.1151999831199646	1.0	8	0.0	0	0.0	0	0.3686766028404236	-0.36992791295051575	0.8527783155441284	0.9107598662376404	0.32726597785949707	-0.2518201470375061	-0.1859300434589386	0.8695165514945984	0.457570880651474
-0.04576864838600159	0.09015718102455139	-0.32681789994239807	0.5284000039100647	0.8047999739646912	1.0	8	0.0	0	0.0	0	-0.4950558543205261	0.452176034450531	-0.7419276237487793	-0.4002966582775116	0.6391818523406982	0.6566651463508606	0.7711549401283264	0.6220770478248596	-0.13542616367340088
-0.06394843757152557	0.1613677442073822	-0.2633119225502014	0.609000027179718	0.7807999849319458	1.0	7	0.0	0	0.0	0	-0.6551223397254944	0.4352934956550598	-0.6175228357315063	-0.25440898537635803	0.6425132751464844	0.7228089570999146	0.7114006280899048	0.6306315660476685	-0.3101821839809418
-0.07444751262664795	0.11918112635612488	-0.21364544332027435	0.5550000071525574	0.6090999841690063	1.0	7	0.0	0	0.0	0	-0.7688032388687134	-0.46724534034729004	0.4366042912006378	-0.0051458729431033134	0.687248706817627	0.7264039516448975	-0.6394646763801575	0.5562150478363037	-0.5307635068893433
-0.05671490728855133	0.04384109377861023	-0.27637016773223877	0.4771000146865845	0.6259999871253967	1.0	8	0.0	0	0.0	0	-0.6792904734611511	-0.07513762265443802	0.7300129532814026	0.32927918434143066	0.8577782511711121	0.39470455050468445	-0.655846357345581	0.5084971189498901	-0.557939350605011
0.020295940339565277	0.043269187211990356	-0.27090102434158325	0.991599977016449	0.10820001363754272	1.0	8	0.0	0	0.0	0	0.41026344895362854	-0.253976970911026	0.8758878707885742	-0.8054526448249817	0.34952831268310547	0.4786190092563629	-0.4277058243751526	-0.9018460512161255	-0.061167728155851364
-0.07444751262664795	0.11918112635612488	-0.21364544332027435	0.6193000078201294	0.8338000178337097	1.0	7	0.0	0	0.0	0	-0.7688032388687134	-0.46724534034729004	0.4366042912006378	0.04631349816918373	0.6402581334114075	0.766762375831604	-0.6378055810928345	0.6097100973129272	-0.47059276700019836
-0.05671490728855133	0.04384109377861023	-0.27637016773223877	0.5393999814987183	0.8715999722480774	1.0	8	0.0	0	0.0	0	-0.6792904734611511	-0.07513762265443802	0.7300129532814026	0.4204460680484772	0.7754362225532532	0.47108808159828186	-0.6014748215675354	0.626936674118042	-0.4951550364494324
-0.07700871676206589	0.15199491381645203	-0.1844036877155304	0.6488000154495239	0.8191999793052673	1.0	6	0.0	0	0.0	0	-0.7755820155143738	-0.41866111755371094	0.47243577241897583	0.16610601544380188	0.5866693258285522	0.7926082611083984	-0.6089978218078613	0.6932071447372437	-0.385468065738678
0.10251497477293015	-0.009722769260406494	-0.1532640904188156	0.49799999594688416	0.8194000124931335	1.0	3	0.0	0	0.0	0	0.6620184183120728	-0.06305227428674698	-0.7468307018280029	0.30291011929512024	0.9339576363563538	0.189654141664505	0.6855500936508179	-0.3517771065235138	0.6373963356018066
0.1241450384259224	-0.05134660005569458	-0.05538211762905121	0.4758000075817108	0.7426999807357788	1.0	3	0.0	0	0.0	0	0.9264800548553467	-0.31590721011161804	-0.20454160869121552	0.35554370284080505	0.9129237532615662	0.20039695501327515	0.12342404574155807	-0.2583872675895691	0.9581244587898254
0.056864455342292786	-0.17348384857177734	-0.09076229482889175	0.35679998993873596	0.7530999779701233	1.0	19	0.0	0	0.0	0	0.7327031493186951	-0.4780820906162262	0.4843384921550751	0.4437907040119171	0.8752033114433289	0.1925334930419922	-0.5159413814544678	0.07387502491474152	0.8534324765205383
0.04894021153450012	-0.17314767837524414	-0.1605185717344284	0.351500004529953	0.8095999956130981	1.0	19	0.0	0	0.0	0	0.6476456522941589	-0.13983847200870514	-0.7489995360374451	0.2893991768360138	0.954494297504425	0.07203292101621628	0.7048428058624268	-0.26341167092323303	0.6586433053016663
-0.035100243985652924	-0.16252949833869934	-0.07536015659570694	0.33180001378059387	0.9366999864578247	1.0	19	0.0	0	0.0	0	-0.6704244017601013	-0.16117408871650696	0.7242609858512878	-0.16019999980926514	0.9845450520515442	0.07076083868741989	-0.7244723439216614	-0.06858682632446289	-0.685883104801178
-0.046937212347984314	-0.0818222165107727	-0.032613605260849	0.38580000400543213	0.98580002784729	1.0	2	0.0	0	0.0	0	-0.8282553553581238	-0.4717017710208893	0.30247390270233154	-0.5361521244049072	0.8240073919296265	-0.18317416310310364	-0.16283714771270752	-0.31388700008392334	-0.9353924989700317
-0.03297669440507889	-0.006688624620437622	-0.16018392145633698	0.4708000123500824	0.9133999943733215	1.0	3	0.0	0	0.0	0	-0.6124233603477478	-0.035371437668800354	-0.7897382974624634	0.17029313743114471	0.9696419835090637	-0.17548400163650513	0.7719705700874329	-0.24195753037929535	-0.5878078937530518
-0.03454166650772095	-0.15973946452140808	-0.16208112239837646	0.3441999852657318	0.8751000165939331	1.0	19	0.0	0	0.0	0	-0.6455931067466736	0.1347096562385559	-0.7517067193984985	0.27293720841407776	0.960007905960083	-0.06237039715051651	0.7132425308227539	-0.24543462693691254	-0.6565417647361755
0.02994645945727825	-0.28453096747398376	-0.10571792721748352	0.26080000400543213	0.7631999850273132	1.0	21	0.0	0	0.0	0	0.4764041006565094	0.22217948734760284	0.8506911396980286	0.10818859934806824	0.9453862309455872	-0.30747371912002563	-0.8725460767745972	0.23851685225963593	0.42634865641593933
0.029165660962462425	-0.28196385502815247	-0.16565251350402832	0.25929999351501465	0.8014000058174133	1.0	21	0.0	0	0.0	0	0.425897479057312	0.6199394464492798	-0.6590042114257812	0.004626345820724964	0.7269020080566406	0.6867256164550781	0.9047597646713257	-0.295523464679718	0.3067176640033722
-0.035100243985652924	-0.16252949833869934	-0.07536015659570694	0.3361000120639801	0.6876999735832214	1.0	19	0.0	0	0.0	0	-0.6704244017601013	-0.16117408871650696	0.7242609858512878	0.30898821353912354	0.8268254399299622	0.4699850380420685	-0.6745868921279907	0.5388776659965515	-0.5045230984687805
-0.07396287471055984	-0.28663280606269836	-0.09053896367549896	0.2353000044822693	0.697700023651123	1.0	20	0.0	0	0.0	0	-0.6405395269393921	0.034181639552116394	0.7671641707420349	0.3062386214733124	0.9275071620941162	0.2143556773662567	-0.7042232155799866	0.3722385764122009	-0.6045727729797363
-0.028853172436356544	-0.07691872119903564	-2.349988790228963e-05	0.40939998626708984	0.6359000205993652	1.0	2	0.0	0	0.0	0	-0.5295983552932739	-0.8482485413551331	-6.103824853198603e-05	0.345836341381073	-0.21596717834472656	0.9131020903587341	-0.7745506763458252	0.48355627059936523	0.4077310562133789
-0.046937212347984314	-0.0818222165107727	-0.032613605260849	0.38580000400543213	0.6363999843597412	1.0	2	0.0	0	0.0	0	-0.8282553553581238	-0.4717017710208893	0.30247390270233154	0.24059170484542847	0.18818427622318268	0.9522091746330261	-0.5060796141624451	0.8614450693130493	-0.04237709939479828
0.08857499808073044	-0.09938040375709534	-0.026363486424088478	0.4336000084877014	0.7171000242233276	1.0	2	0.0	0	0.0	0	0.5072912573814392	-0.7924633026123047	0.33861127495765686	0.6452649235725403	0.6097370982170105	0.46027594804763794	-0.5712155699729919	-0.01499998290091753	0.8206629753112793
0.08877236396074295	-0.09415268898010254	-2.3589760530740023e-05	0.4440000057220459	0.7037000060081482	1.0	2	0.0	0	0.0	0	0.356642484664917	-0.9342409372329712	-0.0002746690297499299	0.8088788390159607	0.30864217877388	0.5004547834396362	-0.4674605429172516	-0.1787056177854538	0.8657626509666443
0.13564209640026093	-0.05926871299743652	-2.35823099501431e-05	0.4796000123023987	0.7062000036239624	1.0	3	0.0	0	0.0	0	0.8799541592597961	-0.4750586450099945	0.00021363295672927052	0.47384464740753174	0.877705454826355	0.07144573330879211	-0.03412841632962227	-0.06276774406433105	0.9974444508552551
-0.046937212347984314	-0.0818222165107727	-0.032613605260849	0.9778000116348267	0.708899974822998	1.0	2	0.0	0	0.0	0	-0.8282553553581238	-0.4717017710208893	0.30247390270233154	0.46498122811317444	-0.8797965049743652	-0.0987454205751419	0.31269386410713196	0.05885826051235199	0.9480286240577698
-0.028853172436356544	-0.07691872119903564	-2.349988790228963e-05	0.9768999814987183	0.6851999759674072	1.0	2	0.0	0	0.0	0	-0.5295983552932739	-0.8482485413551331	-6.103824853198603e-05	0.847630500793457	-0.5292478799819946	-0.03767076134681702	0.0319218710064888	-0.020002111792564392	0.9992902278900146
0.1705583930015564	-0.3771926164627075	-0.11766007542610168	0.6542999744415283	0.5626999735832214	1.0	22	0.0	0	0.0	0	0.8453184366226196	-0.4101768732070923	0.3423328995704651	0.41741204261779785	0.9069969058036804	0.055892474949359894	-0.33342063426971436	0.095646932721138	0.9379138350486755
0.14779824018478394	-0.33120518922805786	-0.11565115302801132	0.6909000277519226	0.5533000230789185	1.0	22	0.0	0	0.0	0	0.6723676323890686	0.6600378751754761	0.335069864988327	-0.5719868540763855	0.7506030201911926	-0.3307964503765106	-0.4698425829410553	0.03076125681400299	0.8822140693664551
0.10717447847127914	-0.31858590245246887	-0.09198985248804092	0.7092999815940857	0.5313000082969666	1.0	21	0.0	0	0.0	0	0.31095796823501587	0.6329638361930847	0.7089866399765015	-0.7136490941047668	0.6481726169586182	-0.2656638026237488	-0.6277012825012207	-0.42335739731788635	0.6532684564590454
0.1043725237250328	-0.38354241847991943	-0.08384225517511368	0.6628000140190125	0.5056999921798706	1.0	21	0.0	0	0.0	0	0.15192556381225586	-0.6135314106941223	0.7749180197715759	-0.47626733779907227	0.6415877938270569	0.6012774705886841	-0.8660805225372314	-0.4604174792766571	-0.19473138451576233
0.1579458862543106	-0.38042712211608887	-0.1966799646615982	0.678600013256073	0.6180999875068665	1.0	22	0.0	0	0.0	0	0.6999306678771973	-0.4929179549217224	-0.516845166683197	-0.3429482579231262	0.40286946296691895	-0.8485767841339111	0.6264999508857727	0.771196186542511	0.11293536424636841
0.08584525436162949	-0.38365083932876587	-0.21476079523563385	0.725600004196167	0.6486999988555908	1.0	21	0.0	0	0.0	0	0.002472036285325885	-0.6349776387214661	-0.7725266814231873	-0.9801909327507019	0.15145790576934814	-0.1276177614927292	0.1980396807193756	0.7575390338897705	-0.6220248937606812
0.09567836672067642	-0.32025814056396484	-0.2099616378545761	0.7347999811172485	0.5972999930381775	1.0	21	0.0	0	0.0	0	0.1855262666940689	0.6137717962265015	-0.7673749923706055	-0.9650726318359375	0.2608135938644409	-0.024719443172216415	0.1849697232246399	0.7451586723327637	0.6407221555709839
0.13819976150989532	-0.33120355010032654	-0.19846579432487488	0.7103999853134155	0.5960999727249146	1.0	22	0.0	0	0.0	0	0.5733277201652527	0.6070815920829773	-0.5502249002456665	-0.8177424669265747	0.4657261073589325	-0.3382253050804138	0.05092378333210945	0.6438562273979187	0.7634500861167908
-0.0794316902756691	-0.286297082901001	-0.16174617409706116	0.23409999907016754	0.8707000017166138	1.0	21	0.0	0	0.0	0	-0.7833413481712341	0.23451104760169983	-0.5756568908691406	0.32328370213508606	0.944698691368103	-0.05506528541445732	0.5309088826179504	-0.22923539578914642	-0.815835177898407
-0.07396287471055984	-0.28663280606269836	-0.09053896367549896	0.2312999963760376	0.91839998960495	1.0	20	0.0	0	0.0	0	-0.6405395269393921	0.034181639552116394	0.7671641707420349	0.14523360133171082	0.9863733053207397	0.07729772478342056	-0.7540680766105652	0.16093026101589203	-0.6367753744125366
0.029165660962462425	-0.28196385502815247	-0.16565251350402832	0.7820000052452087	0.5573999881744385	1.0	21	0.0	0	0.0	0	0.425897479057312	0.6199394464492798	-0.6590042114257812	-0.8913652896881104	0.4124319553375244	-0.18806341290473938	0.15520645678043365	0.6675091981887817	0.7282462120056152
0.02994645945727825	-0.28453096747398376	-0.10571792721748352	0.7649000287055969	0.5099999904632568	1.0	21	0.0	0	0.0	0	0.4764041006565094	0.22217948734760284	0.8506911396980286	-0.633911669254303	0.7572603821754456	0.15720327198505402	-0.6092672944068909	-0.6141552925109863	0.5016041398048401
-0.08480627089738846	-0.3822806179523468	-0.10571782290935516	0.9053999781608582	0.6743000149726868	1.0	21	0.0	0	0.0	0	-0.6084945201873779	-0.5654928088188171	0.5567337274551392	0.41695576906204224	0.36904895305633545	0.8306328654289246	-0.6751788258552551	0.7375687956809998	0.01122119091451168
-0.07396287471055984	-0.28663280606269836	-0.09053896367549896	0.9169999957084656	0.5842000246047974	1.0	20	0.0	0	0.0	0	-0.6405395269393921	0.034181639552116394	0.7671641707420349	0.766524612903595	-0.031094040721654892	0.6414617300033569	0.045780446380376816	0.9989318251609802	-0.006284106057137251
-0.0794316902756691	-0.286297082901001	-0.16174617409706116	0.8626999855041504	0.5837000012397766	1.0	21	0.0	0	0.0	0	-0.7833413481712341	0.23451104760169983	-0.5756568908691406	-0.5753478407859802	0.07698104530572891	0.8142780661582947	0.2352718859910965	0.9690607190132141	0.0746229961514473
-0.08737355470657349	-0.3837311863899231	-0.17335349321365356	0.8536999821662903	0.6723999977111816	1.0	21	0.0	0	0.0	0	-0.6647424697875977	-0.5419935584068298	-0.5141599178314209	-0.640842854976654	0.05996396392583847	0.7653265595436096	-0.3839710056781769	0.8382408022880554	-0.38719332218170166
-0.08480627089738846	-0.3822806179523468	-0.10571782290935516	0.7369999885559082	0.3863999843597412	1.0	21	0.0	0	0.0	0	-0.6084945201873779	-0.5654928088188171	0.5567337274551392	-0.6540785431861877	0.7546617388725281	0.051641982048749924	-0.4493488073348999	-0.3327237069606781	-0.8290842175483704
-0.07396287471055984	-0.28663280606269836	-0.09053896367549896	0.8065000176429749	0.44099998474121094	1.0	20	0.0	0	0.0	0	-0.6405395269393921	0.034181639552116394	0.7671641707420349	-0.269529789686203	0.9254599809646606	-0.26622825860977173	-0.719079852104187	-0.3773033320903778	-0.583580732345581
0.052562542259693146	0.731897234916687	-0.3360820412635803	0.4169999957084656	0.3122999668121338	1.0	11	0.0	0	0.0	0	0.04483257234096527	0.2176622897386551	-0.9749940037727356	0.9534990787506104	0.2818518579006195	0.10676619410514832	0.29804283380508423	-0.9344424605369568	-0.1949046403169632
0.04701925814151764	0.9402742385864258	-0.24032090604305267	0.45840001106262207	0.4440000057220459	1.0	11	0.0	0	0.0	0	0.08099834620952606	0.7417116761207581	-0.6658100485801697	0.9465522766113281	0.15200713276863098	0.2844867706298828	0.31221503019332886	-0.653266966342926	-0.6897565126419067
0.20515866577625275	0.8732800483703613	-0.1833997219800949	0.5562000274658203	0.399899959564209	1.0	11	0.0	0	0.0	0	0.5591121315956116	0.6077597737312317	-0.5639342069625854	0.7684776186943054	-0.12459404021501541	0.6276293992996216	0.3111850321292877	-0.7842859029769897	-0.5367116928100586
0.2571411728858948	0.7177978754043579	-0.2628658711910248	0.5475999712944031	0.2822999954223633	1.0	11	0.0	0	0.0	0	0.6241554021835327	0.2845337986946106	-0.7276472449302673	0.755386233329773	0.018109265714883804	0.6550296545028687	0.19955523312091827	-0.958495020866394	-0.20362989604473114
0.04859519749879837	1.0154993534088135	-2.4663808289915323e-05	0.5081999897956848	0.5902000069618225	1.0	11	0.0	0	0.0	0	0.07806873321533203	0.9969480037689209	0.0	0.9255902767181396	-0.07247135788202286	0.3715245723724365	0.3703906834125519	-0.029004450887441635	-0.9284231066703796
0.29289039969444275	0.9081985950469971	-2.451852196827531e-05	0.6743999719619751	0.46529996395111084	1.0	11	0.0	0	0.0	0	0.7094528675079346	0.7047529220581055	6.103870691731572e-05	0.42348766326904297	-0.42635127902030945	0.7993015050888062	0.5633360147476196	-0.5670408010482788	-0.6009302735328674
0.009751236997544765	0.3698420226573944	-0.3177776336669922	0.3125999867916107	0.10000002384185791	1.0	11	0.0	0	0.0	0	-0.18759985268115997	-0.6204498410224915	-0.7614777684211731	0.8993685841560364	0.20318171381950378	-0.3871091902256012	0.3949001431465149	-0.7574707269668579	0.5198961496353149
-0.26636263728141785	0.4221249520778656	-0.22960582375526428	0.13040000200271606	0.22839999198913574	1.0	11	0.0	0	0.0	0	-0.653300940990448	-0.5290254354476929	-0.541599452495575	0.4000014662742615	0.36622869968414307	-0.8401638865470886	0.6428173780441284	-0.7655203938484192	-0.02764659747481346
-0.2387390434741974	0.7351861000061035	-0.25393715500831604	0.24819999933242798	0.39030003547668457	1.0	11	0.0	0	0.0	0	-0.6696556806564331	0.2572476267814636	-0.6966958045959473	0.6869776844978333	0.5709884166717529	-0.4494817852973938	0.2821771502494812	-0.7796125411987305	-0.5590890049934387
-0.15499962866306305	0.9138590097427368	-0.15717145800590515	0.3343000113964081	0.5012000203132629	1.0	11	0.0	0	0.0	0	-0.49288156628608704	0.7321808934211731	-0.4700838625431061	0.8603247404098511	0.49084174633026123	-0.1375351846218109	0.1300361305475235	-0.4722132980823517	-0.8718401193618774
-0.19584175944328308	0.9538228511810303	-2.4627253878861666e-05	0.3082999885082245	0.6071000099182129	1.0	11	0.0	0	0.0	0	-0.6082156300544739	0.7937718629837036	6.103824853198603e-05	0.7750914096832275	0.5939136743545532	-0.21563808619976044	-0.17120370268821716	-0.1311071366071701	-0.976473331451416
-0.07038421183824539	0.3730933964252472	-2.3988133762031794e-05	0.014800000004470348	0.7728999853134155	1.0	11	0.0	0	0.0	0	-0.5647310018539429	-0.8252751231193542	0.0	0.011738759465515614	-0.008034499362111092	-0.9998988509178162	0.8251916170120239	-0.5646738409996033	0.014225035905838013
-0.33555787801742554	0.4387674629688263	-2.4091044906526804e-05	0.014800000004470348	0.9434999823570251	1.0	11	0.0	0	0.0	0	-0.8563598394393921	-0.5163794755935669	0.0	0.00010899929475272074	-0.0001806130021577701	-1.0	0.5163794755935669	-0.8563598990440369	0.0002109547349391505
-0.26636263728141785	0.4221249520778656	-0.22960582375526428	0.15880000591278076	0.899399995803833	1.0	11	0.0	0	0.0	0	-0.653300940990448	-0.5290254354476929	-0.541599452495575	0.4094496965408325	0.35478687286376953	-0.8405219912528992	0.6368098855018616	-0.7708715200424194	-0.015173284336924553
-0.0034228824079036713	0.34685298800468445	-0.10839725285768509	0.08299999684095383	0.7289999723434448	1.0	11	0.0	0	0.0	0	-0.22385717928409576	-0.9508513808250427	-0.21393850445747375	0.04012596607208252	0.210325688123703	-0.9768075346946716	0.9737955927848816	-0.2272498905658722	-0.008929089643061161
0.15908028185367584	0.34101995825767517	-0.30125927925109863	0.20319999754428864	0.6273999810218811	1.0	11	0.0	0	0.0	0	0.05627777427434921	-0.6638885140419006	-0.7457110285758972	-0.04662994295358658	0.7442954778671265	-0.6662206053733826	0.997325599193573	0.0722658783197403	0.010930207557976246
0.08787105232477188	0.3297604024410248	-2.392224268987775e-05	0.014800000004470348	0.6722999811172485	1.0	11	0.0	0	0.0	0	0.2417384684085846	-0.9703414440155029	9.155604493571445e-05	0.010651788674294949	0.002559912856668234	-0.9999399781227112	0.9702829718589783	0.2417249232530594	0.010954701341688633
0.009751236997544765	0.3698420226573944	-0.3177776336669922	0.21459999680519104	0.722599983215332	1.0	11	0.0	0	0.0	0	-0.18759985268115997	-0.6204498410224915	-0.7614777684211731	0.1942833960056305	0.7364698052406311	-0.6479709148406982	0.9628387689590454	-0.2695017158985138	-0.017618516460061073
0.3795822262763977	0.745232343673706	-2.4332955945283175e-05	0.7299000024795532	0.32829999923706055	1.0	11	0.0	0	0.0	0	0.951782763004303	0.30677270889282227	6.103714986238629e-05	0.08124412596225739	-0.25225067138671875	0.9642453193664551	0.29581955075263977	-0.9177471399307251	-0.2650113105773926
-0.33555787801742554	0.4387674629688263	-2.4091044906526804e-05	0.003800000064074993	0.34619998931884766	1.0	11	0.0	0	0.0	0	-0.8563598394393921	-0.5163794755935669	0.0	-0.24804425239562988	0.4113858938217163	-0.8770608901977539	0.45289626717567444	-0.7510797381401062	-0.4803793430328369
-0.3083828389644623	0.7401096820831299	-2.441141987219453e-05	0.14169999957084656	0.5142999887466431	1.0	11	0.0	0	0.0	0	-0.9609169960021973	0.276836633682251	0.0	0.20368365943431854	0.7069821953773499	-0.677266001701355	-0.1874920278787613	-0.6507964730262756	-0.7357382774353027
0.15908028185367584	0.34101995825767517	-0.30125927925109863	0.43309998512268066	0.04760003089904785	1.0	11	0.0	0	0.0	0	0.05627777427434921	-0.6638885140419006	-0.7457110285758972	0.998343288898468	0.028518250212073326	0.049974728375673294	-0.011911273002624512	-0.7472879886627197	0.6643935441970825
0.28211086988449097	0.5444631576538086	-0.26286569237709045	0.546999990940094	0.17040002346038818	1.0	11	0.0	0	0.0	0	0.6760039925575256	0.02441549487411976	-0.7364934086799622	0.7345150709152222	0.05798681452870369	0.6761103272438049	0.05921447277069092	-0.9980188012123108	0.021265769377350807
0.2701278030872345	0.31611111760139465	-0.26286545395851135	0.527999997138977	0.02310001850128174	1.0	11	0.0	0	0.0	0	0.4383750855922699	-0.6689767241477966	-0.6002479195594788	0.7859309315681458	-0.038681499660015106	0.6171032786369324	-0.43604615330696106	-0.7422760128974915	0.5088123679161072
0.2701278030872345	0.31611111760139465	-0.26286545395851135	0.17880000174045563	0.5569000244140625	1.0	11	0.0	0	0.0	0	0.4383750855922699	-0.6689767241477966	-0.6002479195594788	-0.29432016611099243	0.5241499543190002	-0.7991511225700378	0.8492333889007568	0.5269929766654968	0.032880935817956924
0.3872024416923523	0.29231759905815125	-2.384540857747197e-05	0.014800000004470348	0.48360002040863037	1.0	11	0.0	0	0.0	0	0.7046816349029541	-0.7095035910606384	-0.005340809002518654	0.012292015366256237	0.01973477564752102	-0.9997296929359436	0.7094171643257141	0.7044255137443542	0.02262796275317669
0.12414523214101791	-0.0513463020324707	0.05522339418530464	0.96670001745224	0.9549000263214111	1.0	3	0.0	0	0.0	0	0.9264041185379028	-0.31599369645118713	0.20475193858146667	-0.31829091906547546	-0.947726845741272	-0.0224673543125391	0.20114846527576447	-0.04435683786869049	-0.9785559773445129
0.13869425654411316	0.008322924375534058	-2.3570668417960405e-05	0.9151999950408936	0.9939000010490417	1.0	3	0.0	0	0.0	0	0.9998198747634888	0.018982568755745888	9.155580482911319e-05	0.018951838836073875	-0.9984568953514099	0.05219736322760582	0.001082254690118134	-0.05218622460961342	-0.9986368417739868
