1338	1744	21
0.10564317554235458	1.0267513990402222	0.11645591259002686	0.8395262956619263	0.9350486993789673	0.45580552467926216	5	0.3667418064776929	9	0.17745266884304492	4	0.3762431740760803	0.8988573551177979	0.22471433877944946	0.5355988144874573	-0.013105603866279125	-0.8443708419799805	-0.7560238838195801	0.4380455017089844	-0.4863578677177429
0.0760531798005104	1.0271557569503784	0.14198550581932068	0.8124368786811829	0.9374022483825684	0.4451713990782017	5	0.3828273705988237	9	0.1720012303229746	4	-0.30357182025909424	0.8828516602516174	-0.35835328698158264	0.8197529315948486	0.050323158502578735	-0.5705020427703857	-0.4856352210044861	-0.46694955229759216	-0.7389969825744629
0.07656753808259964	1.0301016569137573	0.1487520933151245	0.8103854060173035	0.9331498146057129	0.44445582628572644	5	0.38405682162068755	9	0.171487352093586	4	0.16935017704963684	0.8834042549133301	0.43694114685058594	0.8775655031204224	0.0666145458817482	-0.47480660676956177	-0.44855278730392456	0.46385306119918823	-0.7639638781547546
0.10255752503871918	1.0253846645355225	0.1144285649061203	0.8395395278930664	0.9377154111862183	0.45618437822768176	5	0.3660713026284094	9	0.17774431914390884	4	-0.3110513687133789	0.9393801093101501	-0.1442641168832779	0.4779691696166992	0.023430082947015762	-0.8780640363693237	-0.8214557766914368	-0.3420768082141876	-0.45628267526626587
0.12132581323385239	1.0299522876739502	0.0058775395154953	0.87874436378479	0.9452418088912964	0.4271233123743547	5	0.32422434477119655	9	0.24865234285444876	4	0.5376209020614624	0.8429319858551025	0.02072233334183693	0.09485924988985062	-0.036034975200891495	-0.9948383569717407	-0.8378342390060425	0.5368115901947021	-0.0993330329656601
0.11083761602640152	1.0292953252792358	0.003705434501171112	0.8775241374969482	0.9527945518493652	0.42830883069760006	5	0.3244420798343495	9	0.24724908946805046	4	-0.06842369586229324	0.9972403049468994	0.02880997769534588	0.11014336347579956	0.03626936674118042	-0.993253767490387	-0.9915576577186584	-0.06478886306285858	-0.11232108622789383
0.12023190408945084	0.958920419216156	0.14612531661987305	0.8297892808914185	0.8867548704147339	0.4599686918050677	5	0.3713690165617308	9	0.16866229163320143	4	0.7624917030334473	-0.11054054647684097	0.6374850273132324	0.6434478759765625	0.23260676860809326	-0.7292934656143188	-0.06766684353351593	0.9662685990333557	0.24848780035972595
0.13301332294940948	0.9871183633804321	0.11126986145973206	0.8550378084182739	0.9041156768798828	0.4553817544134871	5	0.36517032519827414	9	0.17944792038823873	4	0.6000363230705261	-0.7326114177703857	-0.3213052749633789	-0.2605019509792328	0.20082350075244904	-0.9443562626838684	0.7563717365264893	0.6503486633300781	-0.07034529745578766
0.1360989660024643	0.989562451839447	0.11120237410068512	0.8547249436378479	0.9067269563674927	0.4551727326142388	5	0.3649515209392535	9	0.17987574644650772	4	0.9856337904930115	-0.08050848543643951	0.14847375452518463	0.15341557562351227	0.05897138640284538	-0.9864006042480469	0.07065790891647339	0.9950079321861267	0.07047544419765472
7.52374944568146e-07	1.0135947465896606	0.1776379495859146	0.7602152824401855	0.9301297664642334	0.4163486743944926	5	0.41596528421092044	9	0.167686041394587	4	0.0001525958941783756	0.7268142104148865	0.6868341565132141	0.9999650716781616	0.005619809031486511	-0.006190294399857521	-0.008359069935977459	0.6868110299110413	-0.7267879247665405
0.11795821040868759	1.014768362045288	-0.0015254989266395569	0.8909645080566406	0.9293164014816284	0.4219975167606473	5	0.3202772041947343	9	0.25772527904461834	4	0.05493447557091713	-0.9930932521820068	-0.10367356985807419	-0.3158411979675293	0.08122146874666214	-0.9453293085098267	0.947220504283905	0.08467553555965424	-0.30919787287712097
0.12719139456748962	1.0153230428695679	-0.002507716417312622	0.8883416652679443	0.9354760646820068	0.42432666706510386	5	0.32201068091877666	9	0.25366265201611954	4	0.869318425655365	-0.4826053977012634	-0.10666577517986298	-0.13084711134433746	-0.016600510105490685	-0.9912636280059814	0.4766184389591217	0.8756805658340454	-0.07757864147424698
-0.0003872946253977716	0.8373007774353027	0.19711333513259888	0.7589801549911499	0.8455430269241333	0.41669598101129024	5	0.4165332268627264	9	0.16677079212598334	4	-0.00140386784914881	-0.641170859336853	0.767396867275238	0.9999255537986755	0.008396374061703682	0.008860059082508087	-0.012124162167310715	0.7673522233963013	0.6411113142967224
0.11991195380687714	0.9554720520973206	0.14040613174438477	0.8324260115623474	0.883391261100769	0.4620749065366101	5	0.3698784726042071	9	0.16804662085918284	4	0.8641594648361206	-0.4519021809101105	0.22138841450214386	0.3904000222682953	0.32447734475135803	-0.8615697026252747	0.3175097107887268	0.830963671207428	0.45682278275489807
7.52374944568146e-07	1.0098378658294678	0.1661320924758911	0.7603232860565186	0.9383910894393921	0.4168993325335338	5	0.4165199103291095	9	0.16658075713735668	4	0.0	0.949479877948761	-0.3138279616832733	0.9999268651008606	-0.003796025412157178	-0.01148409303277731	-0.012095214799046516	-0.3138050138950348	-0.9494104385375977
0.1115051880478859	1.0373905897140503	-0.1152319461107254	0.9021977186203003	0.9540627002716064	0.45099510427370676	5	0.33304025752856564	9	0.2159646381977276	4	0.4398990273475647	0.8784552812576294	-0.18656186759471893	-0.33934706449508667	-0.029759611934423447	-0.940190315246582	-0.8314671516418457	0.47689804434776306	0.2850100100040436
0.11034813523292542	1.0117658376693726	-0.11831428110599518	0.9099181294441223	0.9398695230484009	0.4447412061542489	5	0.3372597593613527	9	0.21799903448439836	4	0.265330046415329	-0.9568849802017212	-0.11819913238286972	-0.5982443690299988	-0.06724171340465546	-0.7984874248504639	0.756112813949585	0.28257471323013306	-0.5902923345565796
0.11880513280630112	1.0154727697372437	-0.12877307832241058	0.9097408056259155	0.9458551406860352	0.44733159217018675	5	0.33667210766743205	9	0.2159963001623812	4	0.7659125924110413	-0.2948470413684845	-0.5713520050048828	-0.6306224465370178	-0.17128215730190277	-0.7569530010223389	0.12532295286655426	0.9400672912597656	-0.3171243369579315
0.09896941483020782	1.0315755605697632	-0.1069800853729248	0.898689866065979	0.960536003112793	0.4533246950052273	5	0.3314538988159622	9	0.21522140617881047	4	-0.2965240478515625	0.934831976890564	0.19535304605960846	-0.38933876156806946	0.06846722960472107	-0.9185464382171631	-0.8720618486404419	-0.3484296202659607	0.34366416931152344
0.01709500141441822	1.0295072793960571	-0.16130578517913818	0.9054420590400696	0.9654672145843506	0.40543500474129696	5	0.3786141899786605	9	0.21595080528004257	4	0.16040711104869843	0.9690653085708618	-0.18756890296936035	-0.5038838982582092	-0.0830041691660881	-0.8597739934921265	-0.848746120929718	0.23242682218551636	0.4749819338321686
0.01709500141441822	1.0126625299453735	-0.16961891949176788	0.9186115264892578	0.9489074945449829	0.398368901792596	5	0.3853753067496271	9	0.21625579145777696	4	0.19590461254119873	-0.055789630860090256	0.9790347814559937	-0.9406771063804626	0.001657893997617066	-0.33929920196533203	0.020211659371852875	-0.9979385733604431	-0.06091119721531868
0.01709500141441822	1.0070772171020508	-0.17659246921539307	0.9203192591667175	0.9542019367218018	0.39746969566377816	5	0.3863259088602591	9	0.21620439547596276	4	0.39824405312538147	-0.03164833039045334	-0.91673344373703	-0.9402625560760498	0.0037830930668860674	-0.3404291570186615	0.014269991777837276	0.9994974136352539	-0.028306467458605766
0.01709500141441822	1.02640962600708	-0.17591814696788788	0.912112832069397	0.9627327919006348	0.40026752960395057	5	0.3836648917899458	9	0.21606757860610362	4	0.3539392054080963	0.5541192293167114	-0.7534446716308594	-0.7314477562904358	-0.33802029490470886	-0.5922216176986694	-0.5828409790992737	0.760715901851654	0.2856706380844116
0.01709500141441822	1.0070772171020508	-0.17659246921539307	0.9203192591667175	0.9542019367218018	0.39746969566377816	5	0.3863259088602591	9	0.21620439547596276	4	0.39824405312538147	-0.03164833039045334	-0.91673344373703	-0.1512291580438614	-0.9722006916999817	-0.17876110970973969	-0.8937020301818848	0.21174904704093933	-0.3955489993095398
7.52374944568146e-07	1.0316210985183716	-0.18037651479244232	0.9158262610435486	0.9706608057022095	0.39207628383464116	5	0.3918619707892338	9	0.21606174537612502	4	0.0	0.6471849679946899	-0.7623330354690552	-0.522221028804779	-0.650130033493042	-0.5519205331802368	-0.8528102040290833	0.39810627698898315	0.33797356486320496
7.52374944568146e-07	1.0367298126220703	-0.15627790987491608	0.905258059501648	0.9741520881652832	0.39212099996018984	5	0.3919066924007499	9	0.2159723076390603	4	0.0	0.9782609343528748	-0.20737765729427338	-0.29747411608695984	-0.19799482822418213	-0.9339739680290222	-0.9547299742698669	0.06168948486447334	0.29100731015205383
0.01709500141441822	1.0126625299453735	-0.16961891949176788	0.932218074798584	0.976752519607544	0.398368901792596	5	0.3853753067496271	9	0.21625579145777696	4	0.19590461254119873	-0.055789630860090256	0.9790347814559937	0.6906759738922119	-0.6851558685302734	0.23136156797409058	0.7178244590759277	0.6883504986763	-0.10441131144762039
0.008784455247223377	0.982469916343689	-0.15994620323181152	0.9399182796478271	0.9646168947219849	0.3948698251201624	5	0.38890300752422197	9	0.21622716735561565	4	-0.5838951468467712	-0.05823081359267235	0.8097379803657532	0.7138580083847046	-0.689764142036438	0.12096352875232697	0.5742373466491699	0.6754305362701416	0.46265003085136414
0.046036023646593094	0.9861828088760376	-0.16164939105510712	0.9502991437911987	0.9770611524581909	0.39603390227545343	5	0.38774351162804643	9	0.2162225860965001	4	0.7806267142295837	0.39898091554641724	0.48107823729515076	0.4964110851287842	-0.8634724020957947	-0.0893949568271637	0.37973088026046753	0.308596670627594	-0.8721081614494324
0.046036023646593094	0.9805974960327148	-0.1686229258775711	0.9391540288925171	0.9435228109359741	0.3960621048940316	5	0.38771617485889753	9	0.21622172024707087	4	0.8234023451805115	-0.019165925681591034	-0.5671343803405762	0.007024191785603762	-0.9990077614784241	0.04397960379719734	-0.5674145221710205	-0.04019657149910927	-0.8224506974220276
0.03007703647017479	0.9343353509902954	-0.15807853639125824	0.957840085029602	0.9433025121688843	0.39523370427179144	5	0.38854385210782055	9	0.216222443620388	4	0.07800603657960892	-0.4627869725227356	0.8830307722091675	-0.4295404553413391	-0.8872038125991821	0.16841691732406616	0.8293895721435547	-0.46135708689689636	-0.31505975127220154
0.03223926201462746	0.930606484413147	-0.16590365767478943	0.9580684900283813	0.9470666646957397	0.3952108327019869	5	0.388567094933842	9	0.2162220723641711	4	0.8888477683067322	-0.3435571789741516	-0.3031799793243408	-0.35007792711257935	-0.9360876083374023	0.03442932665348053	-0.2956314980983734	0.07553419470787048	-0.9523112773895264
7.52374944568146e-07	0.9997382760047913	-0.17941641807556152	0.9279836416244507	0.9628204107284546	0.3919998954018635	5	0.39178548772396554	9	0.21621461687417104	4	-0.9460648894309998	-0.25286778807640076	0.20253194868564606	0.3239153027534485	-0.7260410189628601	0.606583297252655	-0.0063388654962182045	0.6394703388214111	0.7687897086143494
0.008784455247223377	0.982469916343689	-0.15994620323181152	0.9399182796478271	0.9646168947219849	0.3948698251201624	5	0.38890300752422197	9	0.21622716735561565	4	-0.9460648894309998	-0.25286778807640076	0.20253194868564606	0.3239153325557709	-0.7260410785675049	0.606583297252655	-0.006338849663734436	0.6394702792167664	0.7687896490097046
7.52374944568146e-07	1.008949637413025	-0.1679157316684723	0.9282345771789551	0.9696587324142456	0.3919886222576976	5	0.3917742119883028	9	0.2162371657539996	4	-0.9460648894309998	-0.25286778807640076	0.20253194868564606	0.3239153027534485	-0.7260410189628601	0.606583297252655	-0.0063388654962182045	0.6394703388214111	0.7687897086143494
0.008784455247223377	0.9732586741447449	-0.17144688963890076	0.9404739141464233	0.9582343101501465	0.3947304195040114	5	0.38904688560096895	9	0.2162226948950197	4	-0.7063078880310059	-0.40905001759529114	-0.577760636806488	-0.02203484997153282	-0.9916200041770935	0.12729647755622864	-0.6665641069412231	0.10946910828351974	0.7373661398887634
7.52374944568146e-07	0.9997382760047913	-0.17941641807556152	0.9279836416244507	0.9628204107284546	0.3919998954018635	5	0.39178548772396554	9	0.21621461687417104	4	0.0	-0.3488982915878296	-0.9371606111526489	-0.16769883036613464	-0.9768999218940735	0.13245248794555664	-0.9851350784301758	0.16098637878894806	-0.0599340982735157
0.046036023646593094	0.9861828088760376	-0.16164939105510712	0.9373570084571838	0.9405595064163208	0.39603390227545343	5	0.38774351162804643	9	0.2162225860965001	4	0.7806267142295837	0.39898091554641724	0.48107823729515076	0.4441237151622772	-0.8956912159919739	0.022167649120092392	0.43974196910858154	0.19635356962680817	-0.8763973116874695
0.027914809063076973	0.9232676029205322	-0.16872763633728027	0.9614288806915283	0.9488605260848999	0.39523869725586497	5	0.38853965789121514	9	0.21622164485291986	4	-0.0889013260602951	-0.9326857328414917	-0.3495625853538513	-0.2652675211429596	-0.9641063213348389	-0.011503273621201515	-0.8688783645629883	0.24420388042926788	-0.43059825897216797
0.03007703647017479	0.9343353509902954	-0.15807853639125824	0.9602603912353516	0.9551396369934082	0.39523370427179144	5	0.38854385210782055	9	0.216222443620388	4	0.07800603657960892	-0.4627869725227356	0.8830307722091675	0.2570193409919739	-0.7209041118621826	-0.6436135768890381	0.9567383527755737	0.2837766706943512	0.06420701742172241
0.008784455247223377	0.9732586741447449	-0.17144688963890076	0.9404739141464233	0.9582343101501465	0.3947304195040114	5	0.38904688560096895	9	0.2162226948950197	4	-0.876339316368103	-0.37596943974494934	0.30112510919570923	0.4761682152748108	-0.7705686688423157	0.4236600697040558	0.07275433838367462	0.5146561861038208	0.854304313659668
0.03007703647017479	0.9343353509902954	-0.15807853639125824	0.9602603912353516	0.9551396369934082	0.39523370427179144	5	0.38854385210782055	9	0.216222443620388	4	-0.876339316368103	-0.37596943974494934	0.30112510919570923	0.4761682152748108	-0.7705686092376709	0.4236600399017334	0.07275434583425522	0.5146561861038208	0.8543043732643127
0.008784455247223377	0.982469916343689	-0.15994620323181152	0.9399182796478271	0.9646168947219849	0.3948698251201624	5	0.38890300752422197	9	0.21622716735561565	4	-0.876339316368103	-0.37596943974494934	0.30112510919570923	0.4761681854724884	-0.7705686092376709	0.4236600399017334	0.07275434583425522	0.5146561861038208	0.8543043732643127
-0.07605166733264923	1.0271557569503784	0.14198550581932068	0.708207368850708	0.9387626647949219	0.4447843158670285	9	0.3831959997001787	5	0.1720196844327928	4	0.30357182025909424	0.8828516602516174	-0.35835328698158264	0.8322234153747559	-0.06256881356239319	0.5508987307548523	0.4639401137828827	-0.46546733379364014	-0.7537239193916321
-0.105641670525074	1.0267513990402222	0.11645591259002686	0.6810705661773682	0.9371229410171509	0.4554309342626695	9	0.367096881159959	5	0.17747218457737152	4	-0.3762431740760803	0.8988573551177979	0.22471433877944946	0.5310018062591553	0.010447687469422817	0.8473062515258789	0.7592597603797913	0.4381169080734253	-0.48122575879096985
-0.07656602561473846	1.0301016569137573	0.1487520933151245	0.7101463675498962	0.93445885181427	0.4440669367568536	9	0.3844270046683033	5	0.17150605857484308	4	-0.16935017704963684	0.8834042549133301	0.43694114685058594	0.8852289319038391	-0.0585426390171051	0.4614569842815399	0.43323275446891785	0.46494075655937195	-0.7721007466316223
-0.1025560200214386	1.0253846645355225	0.1144285649061203	0.6811277866363525	0.9397885799407959	0.4558114142159998	9	0.3664249311562023	5	0.17776365462779792	4	0.3110513687133789	0.9393801093101501	-0.1442641168832779	0.46460744738578796	-0.017888512462377548	0.8853360414505005	0.8290863633155823	-0.34241119027137756	-0.44200724363327026
-0.12132430821657181	1.0299522876739502	0.0058775395154953	0.6395485997200012	0.9433128833770752	0.4268652400680533	9	0.3244730888893349	5	0.24866167104261178	4	-0.5376209020614624	0.8429319858551025	0.02072233334183693	0.07717957347631454	0.024712471291422844	0.9967108964920044	0.8396474123001099	0.5374519228935242	-0.07834307104349136
-0.12023039907217026	0.958920419216156	0.14612531661987305	0.6895260810852051	0.8885823488235474	0.45954894643424166	9	0.3717616221243751	5	0.1686894314413833	4	-0.7629258036613464	-0.1094428300857544	0.6371550559997559	0.6443696618080139	-0.20863386988639832	0.7357034683227539	0.052414655685424805	0.971850574016571	0.22969381511211395
-0.1330118179321289	0.9871183633804321	0.11126986145973206	0.6647468209266663	0.9066159725189209	0.45500038061299536	9	0.3655303066711445	5	0.17946931271586014	4	-0.6000363230705261	-0.7326114177703857	-0.3213052749633789	-0.25951188802719116	-0.2016739398241043	0.9444475769996643	-0.7567119002342224	0.6500853300094604	-0.06910967081785202
-0.11991044878959656	0.9554720520973206	0.14040613174438477	0.6867989897727966	0.885291576385498	0.4616567824946487	9	0.3702690948876431	5	0.16807412261770824	4	-0.8649659156799316	-0.4507332444190979	0.22062093019485474	0.381242960691452	-0.3042730689048767	0.8729671835899353	-0.32634633779525757	0.839197039604187	0.4350247383117676
-0.13609746098518372	0.989562451839447	0.11120237410068512	0.6651292443275452	0.9092174768447876	0.45479261864327375	9	0.365310432863861	5	0.17989694849286528	4	-0.9856337904930115	-0.08050848543643951	0.14847375452518463	0.15425154566764832	-0.0708872526884079	0.9854853749275208	-0.06881503760814667	0.9942299723625183	0.08228743076324463
-0.11795670539140701	1.014768362045288	-0.0015254989266395569	0.6269129514694214	0.9277198314666748	0.42174540624896156	9	0.3205203744987329	5	0.25773421925230555	4	-0.05493447557091713	-0.9930932521820068	-0.10367356985807419	-0.29768216609954834	-0.08282558619976044	0.9510654211044312	-0.953083336353302	0.08310803771018982	-0.291076123714447
-0.0003872891247738153	0.8335439562797546	0.18560749292373657	0.7588891983032227	0.8390279412269592	0.4166881979054701	5	0.41652408269060165	9	0.16678771940392823	4	-0.0016175160417333245	-0.9506111741065979	0.3103799819946289	0.9999467134475708	0.0016043195500969887	0.01020123716443777	-0.010195359587669373	0.3103799521923065	0.9505578875541687
-0.11150368303060532	1.0373905897140503	-0.1152319461107254	0.6163444519042969	0.9527539014816284	0.45077887617034484	9	0.3332525747038889	5	0.21596854912576627	4	-0.4398990273475647	0.8784552812576294	-0.18656186759471893	-0.33090561628341675	0.03458965942263603	0.9430297017097473	0.8348625302314758	0.4765722155570984	0.2754698097705841
-0.12718988955020905	1.0153230428695679	-0.002507716417312622	0.6296977996826172	0.9338067770004272	0.424073221938435	9	0.32225516274212346	5	0.2536716153194416	4	-0.869318425655365	-0.4826053977012634	-0.10666577517986298	-0.12755829095840454	0.010562934912741184	0.9917747974395752	-0.47750917077064514	0.8757742643356323	-0.07074287533760071
-0.11034663021564484	1.0117658376693726	-0.11831428110599518	0.6082521080970764	0.9387731552124023	0.44452404283741004	9	0.3374731680969968	5	0.21800278906559317	4	-0.265330046415329	-0.9568849802017212	-0.11819913238286972	-0.6043915152549744	0.0695442482829094	0.7936463356018066	-0.7512082457542419	0.2820168137550354	-0.5967854261398315
-0.09896790981292725	1.0315755605697632	-0.1069800853729248	0.6200217604637146	0.9591304063796997	0.4531087623051932	9	0.33166585407936866	5	0.21522538361543814	4	0.2965240478515625	0.934831976890564	0.19535304605960846	-0.3810253143310547	-0.07177958637475967	0.92177414894104	0.8757261633872986	-0.3477626144886017	0.33491021394729614
-0.11083611100912094	1.0292953252792358	0.003705434501171112	0.6409683227539062	0.9508289098739624	0.42805305364961854	9	0.32468881091745017	5	0.24725813543293126	4	0.06842369586229324	0.9972403049468994	0.02880997769534588	0.09241882711648941	-0.03510627895593643	0.9951012134552002	0.9933664202690125	-0.06542591750621796	-0.09456588327884674
-0.01709349825978279	1.0295072793960571	-0.16130578517913818	0.610033392906189	0.9642847776412964	0.40522027776793523	9	0.37882804941198944	5	0.21595167282007538	4	-0.16040711104869843	0.9690653085708618	-0.18756890296936035	-0.48393335938453674	0.08840691298246384	0.8706278800964355	0.860277533531189	0.23042573034763336	0.4547818899154663
-0.11880362778902054	1.0154727697372437	-0.12877307832241058	0.6085878610610962	0.9447507858276367	0.44711640876040665	9	0.3368837282798178	5	0.21599986295977558	4	-0.7659125924110413	-0.2948470413684845	-0.5713520050048828	-0.6316128969192505	0.17885881662368774	0.7543704509735107	-0.12023254483938217	0.9386551380157471	-0.3232194185256958
-0.01709349825978279	1.0126625299453735	-0.16961891949176788	0.5964324474334717	0.9480834007263184	0.39815428646273315	9	0.3855894946304521	5	0.2162562189068147	4	-0.19590461254119873	-0.055789630860090256	0.9790347814559937	-0.9416909217834473	-0.003966679330915213	0.33645597100257874	-0.01735660806298256	-0.9980267286300659	-0.06034493073821068
-0.01709349825978279	1.02640962600708	-0.17591814696788788	0.6032939553260803	0.9617286920547485	0.40005291110171326	9	0.38387895914453085	5	0.2160681297537559	4	-0.3539392054080963	0.5541192293167114	-0.7534446716308594	-0.7193359732627869	0.3535555899143219	0.5979583859443665	0.5977247953414917	0.7536207437515259	0.27346071600914
7.52374944568146e-07	1.0316210985183716	-0.18037651479244232	0.59979248046875	0.9697506427764893	0.39207628383464116	5	0.3918619707892338	9	0.21606174537612502	4	0.0	0.6471849679946899	-0.7623330354690552	-0.49850034713745117	0.6608632802963257	0.561032235622406	0.8668895363807678	0.3800232708454132	0.3226219415664673
-0.01709349825978279	1.0070772171020508	-0.17659246921539307	0.5948659181594849	0.9534201622009277	0.3972551346806746	9	0.3865401106299374	5	0.21620475468938802	4	-0.39824405312538147	-0.03164833039045334	-0.91673344373703	-0.13033965229988098	0.9767193794250488	0.17038430273532867	0.8982465267181396	0.18907733261585236	-0.39674052596092224
-0.01709349825978279	1.0126625299453735	-0.16961891949176788	0.5835715532302856	0.9762734174728394	0.39815428646273315	9	0.3855894946304521	5	0.2162562189068147	4	-0.19590461254119873	-0.055789630860090256	0.9790347814559937	0.6773630380630493	0.6928094029426575	-0.2473750114440918	-0.7298114895820618	0.6751335263252258	-0.1075630709528923
-0.008782951161265373	0.982469916343689	-0.15994620323181152	0.5755540132522583	0.9643487930297852	0.39465535462794304	9	0.38911728634407416	5	0.2162273590279828	4	0.5838951468467712	-0.05823081359267235	0.8097379803657532	0.6950939297676086	0.7079299092292786	-0.12521888315677643	-0.5866373181343079	0.6592094302177429	0.47042497992515564
7.52374944568146e-07	1.008949637413025	-0.1679157316684723	0.5873645544052124	0.9690780639648438	0.3919886222576976	5	0.3917742119883028	9	0.2162371657539996	4	0.0	0.08319450169801712	0.9965333342552185	0.6251170039176941	0.7506500482559204	-0.2139001190662384	-0.7746914029121399	0.6301472783088684	-0.052607156336307526
-0.046034518629312515	0.9805974960327148	-0.1686229258775711	0.5757585763931274	0.9432461261749268	0.3958475739217588	9	0.3879304337336856	5	0.2162219923445557	4	-0.8234023451805115	-0.019165925681591034	-0.5671343803405762	0.020111463963985443	0.9978145956993103	-0.06294168531894684	0.567101240158081	-0.06323222815990448	-0.8212172985076904
-0.03007553145289421	0.9343353509902954	-0.15807853639125824	0.5570772886276245	0.94352126121521	0.3950192100804793	9	0.3887581171202605	5	0.21622267279926022	4	-0.07800603657960892	-0.4627869725227356	0.8830307722091675	-0.4408765733242035	0.8778571486473083	-0.18706871569156647	-0.8163182735443115	-0.47881224751472473	-0.3230530917644501
-0.046034518629312515	0.9861828088760376	-0.16164939105510712	0.5774760246276855	0.9402368068695068	0.3958193658230509	9	0.38795776264975795	5	0.21622287152719116	4	-0.7806267142295837	0.39898091554641724	0.48107823729515076	0.43660086393356323	0.8988930583000183	-0.03702739626169205	-0.44721105694770813	0.18113458156585693	-0.8758952617645264
-0.008782951161265373	0.982469916343689	-0.15994620323181152	0.5755540132522583	0.9643487930297852	0.39465535462794304	9	0.38911728634407416	5	0.2162273590279828	4	0.9460648894309998	-0.25286781787872314	0.20253197848796844	0.32397258281707764	0.7417927980422974	-0.5871841907501221	-0.0017567721661180258	0.6211290955543518	0.7837062478065491
7.52374944568146e-07	0.9997382760047913	-0.17941641807556152	0.5874342918395996	0.9622370004653931	0.3919998954018635	5	0.39178548772396554	9	0.21621461687417104	4	0.9460648894309998	-0.25286781787872314	0.20253197848796844	0.32397258281707764	0.7417927384376526	-0.5871841907501221	-0.0017567723989486694	0.6211291551589966	0.7837063074111938
7.52374944568146e-07	1.008949637413025	-0.1679157316684723	0.5873645544052124	0.9690780639648438	0.3919886222576976	5	0.3917742119883028	9	0.2162371657539996	4	0.9460648894309998	-0.25286781787872314	0.20253197848796844	0.32397258281707764	0.7417927384376526	-0.5871841907501221	-0.001756772631779313	0.6211291551589966	0.7837063670158386
-0.008782951161265373	0.9732586741447449	-0.17144688963890076	0.5748292207717896	0.9579846858978271	0.39451593748239033	9	0.38926119469659964	5	0.21622286782101005	4	0.7063078880310059	-0.40905001759529114	-0.577760636806488	0.009707869961857796	0.9912265539169312	-0.1318170577287674	0.6619685292243958	0.09243155270814896	0.7438105344772339
7.52374944568146e-07	0.9997382760047913	-0.17941641807556152	0.5874342918395996	0.9622370004653931	0.3919998954018635	5	0.39178548772396554	9	0.21621461687417104	4	0.0	-0.3488982915878296	-0.9371606111526489	-0.1439867913722992	0.9806073904037476	-0.13295528292655945	0.9890591502189636	0.13824936747550964	-0.051469262689352036
-0.01709349825978279	1.0126625299453735	-0.16961891949176788	0.5964324474334717	0.9480834007263184	0.39815428646273315	9	0.3855894946304521	5	0.2162562189068147	4	-0.19590461254119873	-0.055789630860090256	0.9790347814559937	0.7718212008476257	0.6244252920150757	-0.11993784457445145	-0.6345668435096741	0.7683776021003723	-0.08319120109081268
-0.032237760722637177	0.930606484413147	-0.16590365767478943	0.5569487810134888	0.9472893476486206	0.39499634412622303	9	0.3887813664141409	5	0.21622228945963604	4	-0.8888477683067322	-0.3435571789741516	-0.3031799793243408	-0.3443518579006195	0.937362790107727	-0.052657872438430786	0.30228063464164734	0.05759574845433235	-0.9514774084091187
-0.027913304045796394	0.9232676029205322	-0.16872763633728027	0.5536377429962158	0.9491715431213379	0.3950242021289881	9	0.3887539238382691	5	0.21622187403274276	4	0.0889013260602951	-0.9326857328414917	-0.3495625853538513	-0.25102698802948	0.967957615852356	-0.006609656848013401	0.8942598700523376	0.2292899340391159	-0.3843505084514618
-0.046034518629312515	0.9861828088760376	-0.16164939105510712	0.5655086040496826	0.9770611524581909	0.3958193658230509	9	0.38795776264975795	5	0.21622287152719116	4	-0.7806267142295837	0.39898091554641724	0.48107823729515076	0.4901622533798218	0.8683823943138123	0.07518605142831802	-0.38776206970214844	0.29449862241744995	-0.8734478950500488
-0.03007553145289421	0.9343353509902954	-0.15807853639125824	0.5549716949462891	0.9554160833358765	0.3950192100804793	9	0.3887581171202605	5	0.21622267279926022	4	-0.07800603657960892	-0.4627869725227356	0.8830307722091675	0.2370837777853012	0.7419940829277039	0.6270853281021118	-0.9633058905601501	0.2631573975086212	0.052820514887571335
-0.03007553145289421	0.9343353509902954	-0.15807853639125824	0.5549716949462891	0.9554160833358765	0.3950192100804793	9	0.3887581171202605	5	0.21622267279926022	4	0.8763393759727478	-0.37596940994262695	0.30112510919570923	0.47408562898635864	0.7838630676269531	-0.4010006785392761	-0.08527685701847076	0.49417176842689514	0.8651717901229858
-0.008782951161265373	0.9732586741447449	-0.17144688963890076	0.5748292207717896	0.9579846858978271	0.39451593748239033	9	0.38926119469659964	5	0.21622286782101005	4	0.8763393759727478	-0.37596940994262695	0.30112510919570923	0.47408556938171387	0.7838630080223083	-0.40100061893463135	-0.08527688682079315	0.49417176842689514	0.8651717901229858
-0.008782951161265373	0.982469916343689	-0.15994620323181152	0.5755540132522583	0.9643487930297852	0.39465535462794304	9	0.38911728634407416	5	0.2162273590279828	4	0.8763393759727478	-0.37596940994262695	0.30112510919570923	0.47408559918403625	0.7838630676269531	-0.4010006785392761	-0.08527685701847076	0.49417176842689514	0.8651717305183411
0.21236132085323334	0.2891317307949066	0.045976635068655014	0.1642085164785385	0.22461122274398804	1.0	14	0.0	0	0.0	0	0.9200552105903625	-0.37529170513153076	0.11249290406703949	0.13513948023319244	0.03442281112074852	-0.990228533744812	0.36775219440460205	0.9262670874595642	0.08238761126995087
0.20342938601970673	0.3088666796684265	0.10922510921955109	0.1352875679731369	0.236641526222229	0.9572838552905478	14	0.042716144709452224	15	0.0	0	0.7412722110748291	-0.16706015169620514	0.6500819325447083	0.49489694833755493	0.04667006433010101	-0.867697536945343	0.11710584163665771	0.9858651161193848	0.11981791257858276
0.19082428514957428	0.27519452571868896	0.10798187553882599	0.13141463696956635	0.21945279836654663	0.9204762590157116	14	0.07952374098428842	15	0.0	0	0.7295592427253723	-0.32264798879623413	0.6030270457267761	0.643855094909668	0.02660633996129036	-0.764684796333313	0.23067964613437653	0.9461448788642883	0.22714945673942566
0.21242856979370117	0.29239264130592346	-0.02113579958677292	0.19564034044742584	0.22671160101890564	1.0	14	0.0	0	0.0	0	0.9188990592956543	-0.36180374026298523	-0.157234326004982	-0.1888687163591385	-0.053518328815698624	-0.9805428981781006	0.34634917974472046	0.9307166337966919	-0.11751135438680649
0.20394723117351532	0.3202582895755768	-0.0789327546954155	0.2199472337961197	0.2419569492340088	1.0	14	0.0	0	0.0	0	0.7930721640586853	-0.08203563094139099	-0.6035783886909485	-0.4964407980442047	-0.08169181644916534	-0.8642181754112244	0.021787570789456367	0.9940758943557739	-0.10648248344659805
0.23194995522499084	0.34508344531059265	-0.01994548738002777	0.19278673827648163	0.2510873079299927	1.0	14	0.0	0	0.0	0	0.9621661305427551	-0.11838241666555405	-0.24540165066719055	-0.15407077968120575	-0.03216558322310448	-0.9875361919403076	0.1095397099852562	0.9927527904510498	-0.04942537099123001
0.2318737506866455	0.34009861946105957	0.04917116463184357	0.1647346168756485	0.24885034561157227	1.0	14	0.0	0	0.0	0	0.9702420830726624	-0.1584261655807495	0.1831163614988327	0.10269521176815033	0.02987925335764885	-0.9942640066146851	0.1526269018650055	0.9872389435768127	0.045432619750499725
0.2038802057504654	0.010195096954703331	0.17109572887420654	0.11438404023647308	0.05726971477270126	1.0	15	0.0	0	0.0	0	0.6231657862663269	-0.7815589308738708	0.028809858486056328	-0.0732615515589714	-0.09501902014017105	-0.9927760362625122	0.7786504626274109	0.6165533661842346	-0.1164708212018013
0.1887698918581009	0.05426294356584549	0.2583695650100708	0.07105050981044769	0.062067292630672455	1.0	15	0.0	0	0.0	0	0.9521604776382446	0.06656181812286377	0.2982616126537323	0.29784438014030457	-0.42095625400543213	-0.856787383556366	0.0685257613658905	0.9046345949172974	-0.4206429421901703
0.17878539860248566	0.02824663557112217	0.26916518807411194	0.07055418193340302	0.04842143505811691	1.0	15	0.0	0	0.0	0	0.6296772956848145	-0.6536656618118286	0.41979506611824036	0.2206931859254837	-0.3676092028617859	-0.9034146666526794	0.7448515295982361	0.6615055203437805	-0.0872156023979187
0.22479714453220367	0.06253201514482498	0.13002583384513855	0.12824808061122894	0.08546894043684006	0.9724761220919848	15	0.027523877908015228	14	0.0	0	0.9997897148132324	-0.013031447306275368	0.01583915948867798	0.013937138020992279	-0.13631989061832428	-0.9905668497085571	0.015067710541188717	0.9905791878700256	-0.1361095905303955
0.22091031074523926	0.04712957516312599	0.1658729910850525	0.1130715161561966	0.07517898827791214	1.0	15	0.0	0	0.0	0	0.980172336101532	-0.08047807961702347	0.1810680478811264	0.15522275865077972	-0.2561245858669281	-0.954099714756012	0.12316007912158966	0.963287889957428	-0.23855416476726532
0.224422425031662	0.07391202449798584	0.01753944903612137	0.1840100735425949	0.10210911184549332	0.7005006179288121	15	0.16305093710200394	16	0.13644844496918387	14	0.977110743522644	-0.19486670196056366	-0.08533239364624023	-0.11109267920255661	-0.12518128752708435	-0.9858945608139038	0.18143600225448608	0.9728080034255981	-0.1439642310142517
0.20495156943798065	0.0494346097111702	0.0672457367181778	0.1627429872751236	0.08013565093278885	0.844966625136796	15	0.12642885591117398	16	0.028604518952029978	14	0.5426243543624878	-0.8295010924339294	-0.1322379857301712	-0.25456956028938293	-0.012366803362965584	-0.9669753909111023	0.8004717826843262	0.5583681464195251	-0.21787627041339874
0.20193792879581451	0.04925450310111046	0.01249726302921772	0.19134686887264252	0.08669664710760117	0.6599819211657775	15	0.27577558776234656	16	0.06424249107187593	14	0.6577508449554443	-0.7496747970581055	0.07315464317798615	-0.19206036627292633	-0.2608581483364105	-0.9460792541503906	0.7283347249031067	0.6082342267036438	-0.3155624270439148
0.19603565335273743	0.04303593561053276	-0.07171469181776047	0.22807084023952484	0.09582901746034622	0.8449766635894775	16	0.08078532665967941	15	0.07423800975084305	14	0.7925320863723755	-0.28105467557907104	-0.5412034392356873	-0.592208743095398	-0.14288893342018127	-0.7930141687393188	0.14554840326309204	0.9489946365356445	-0.2796871066093445
0.18966935575008392	0.0096977474167943	-0.02069604955613613	0.21503223478794098	0.07767514139413834	0.8005706838347384	16	0.19197442911546392	15	0.007454887049797635	14	0.5943251848220825	-0.7644070386886597	0.2499193251132965	-0.14434969425201416	-0.40712225437164307	-0.9018950462341309	0.7911625504493713	0.4999431371688843	-0.35230493545532227
0.18973775207996368	0.012792157009243965	-0.06674686074256897	0.22956405580043793	0.08429566770792007	0.8968625346970968	16	0.07763857084527313	15	0.025498894457630157	14	0.6320216059684753	-0.6349819302558899	-0.4442371129989624	-0.6068551540374756	-0.04903191700577736	-0.793298602104187	0.481948584318161	0.7709695100784302	-0.41633132100105286
0.1872878223657608	0.22887642681598663	-0.008603716269135475	0.19378073513507843	0.1895734667778015	0.9947848599810912	14	0.0052151400189087895	15	0.0	0	0.9804901480674744	-0.1234196200966835	-0.15299271047115326	-0.1614827960729599	-0.06184053048491478	-0.9849360585212708	0.11209928244352341	0.990425705909729	-0.08056417107582092
0.19088076055049896	0.284140408039093	-0.08064014464616776	0.22524608671665192	0.22579067945480347	1.0	14	0.0	0	0.0	0	0.7389689683914185	-0.31123802065849304	-0.5975415706634521	-0.6475887894630432	-0.08336811512708664	-0.7574155926704407	0.1859206110239029	0.9466678500175476	-0.26316067576408386
0.1832815706729889	0.16064566373825073	-0.05399058386683464	0.2222103327512741	0.15230122208595276	0.8624641536290958	14	0.10041261352768714	16	0.03712323284321708	15	0.783499002456665	0.20045268535614014	-0.5881736278533936	-0.5844508409500122	-0.08375411480665207	-0.8070949912071228	-0.21104630827903748	0.9761166572570801	0.051533475518226624
0.20233356952667236	0.07327961921691895	-0.07668252289295197	0.22656868398189545	0.10836989432573318	0.7578760272580978	16	0.1537995464533635	14	0.08832442628853877	15	0.7998775839805603	0.0020142667926847935	-0.6001599431037903	-0.5963764786720276	-0.10951074212789536	-0.7951996326446533	-0.06732571125030518	0.9939836263656616	-0.08639392256736755
0.18733908236026764	0.1448100060224533	0.11027076095342636	0.12524469196796417	0.136336088180542	0.8119945467543734	15	0.18800545324562662	14	0.0	0	0.7716662287712097	0.45018187165260315	0.4492968022823334	0.4994029700756073	0.008594254963099957	-0.8663272857666016	-0.3938661813735962	0.8928956389427185	-0.2181902527809143
0.20393963158130646	0.09219297021627426	0.16343237459659576	0.10617212951183319	0.09726641327142715	0.9650053629480171	15	0.034994637051982934	14	0.0	0	0.7130092978477478	0.614494800567627	0.3376593291759491	0.5178951025009155	-0.13692286610603333	-0.8444151282310486	-0.47265544533729553	0.7769479155540466	-0.41587114334106445
0.17885468900203705	0.08233475685119629	0.24560846388339996	0.0678543895483017	0.07685159891843796	1.0	15	0.0	0	0.0	0	0.6670603156089783	0.7284651398658752	0.15610621869564056	0.5299609899520874	-0.3166846036911011	-0.7866716384887695	-0.5236263871192932	0.6074875593185425	-0.5973057746887207
0.20014972984790802	0.17684324085712433	0.0163809172809124	0.18050901591777802	0.15856236219406128	0.8552185657300765	14	0.13933899799038038	15	0.0054424362795431735	16	0.9788969159126282	0.20417211949825287	-0.008636876940727234	0.0014232994290068746	-0.0491923987865448	-0.9987883567810059	-0.2043495923280716	0.977698564529419	-0.04844488576054573
0.16320377588272095	0.06512926518917084	0.3221049904823303	0.045659735798835754	0.052421361207962036	1.0	15	0.0	0	0.0	0	0.5637739300727844	-0.20560520887374878	0.7999284863471985	0.6766425371170044	-0.4403899610042572	-0.5900946259498596	0.4736069440841675	0.8739455938339233	-0.10915914922952652
0.1645732820034027	0.09598363190889359	0.2920672297477722	0.04795922338962555	0.06868655234575272	1.0	15	0.0	0	0.0	0	0.5467429757118225	0.8158875703811646	0.18814793229103088	0.6826555728912354	-0.30423703789711	-0.6643953919410706	-0.4848303496837616	0.49169373512268066	-0.7233096361160278
0.17270739376544952	0.2059042900800705	0.09107176959514618	0.13170643150806427	0.17681169509887695	0.7395402593789998	14	0.2604597406210002	15	0.0	0	0.8273161053657532	0.04751848429441452	0.5597232580184937	0.558382511138916	0.03897590562701225	-0.8286675214767456	-0.061192743480205536	0.9981096386909485	0.005711904261261225
0.1873142421245575	0.22852811217308044	0.034468699246644974	0.1689416617155075	0.18894046545028687	0.9482947894534719	14	0.05170521054652811	15	0.0	0	0.9835283756256104	-0.12775157392024994	0.12787364423274994	0.13120095431804657	0.017941581085324287	-0.9911934733390808	0.1243322491645813	0.9916439056396484	0.034407179802656174
0.12427088618278503	0.1545015275478363	-0.08714552223682404	0.26062023639678955	0.15118849277496338	0.8558392724950891	14	0.144160727504911	16	0.0	0	0.0	0.1994134485721588	-0.97991544008255	-0.9999535083770752	-0.009450669400393963	-0.0019234666833654046	-0.009644421748816967	0.9798699021339417	0.19940418004989624
0.17216847836971283	0.21909452974796295	-0.058583665639162064	0.22493760287761688	0.18738454580307007	1.0	14	0.0	0	0.0	0	0.783053457736969	-0.16556492447853088	-0.5995128750801086	-0.6182569861412048	-0.10226251929998398	-0.779295027256012	0.06771623343229294	0.9808826446533203	-0.1824386864900589
0.12427088618278503	0.09179487824440002	0.3257943093776703	0.025771453976631165	0.058234572410583496	1.0	15	0.0	0	0.0	0	0.0	0.663977324962616	0.7477527260780334	0.996284544467926	-0.06439773738384247	0.05718392878770828	0.08612241595983505	0.7449744939804077	-0.6615103483200073
0.16612085700035095	0.08308786898851395	0.3121359050273895	0.045478180050849915	0.06006728112697601	1.0	15	0.0	0	0.0	0	0.6769115924835205	0.49922993779182434	0.5408883690834045	0.7297464609146118	-0.3590206205844879	-0.5818714499473572	-0.09629756957292557	0.7885869145393372	-0.6073364615440369
0.12427088618278503	0.0266867745667696	0.013699735514819622	0.20356304943561554	0.04398069530725479	0.7421654323445246	16	0.25783456765547547	15	0.0	0	0.0	-0.927708625793457	0.37330520153045654	-0.2229253500699997	-0.3639274835586548	-0.9043567180633545	0.9748355746269226	-0.08321919292211533	-0.20680975914001465
0.12427088618278503	0.0975833460688591	0.24262280762195587	0.04750819504261017	0.09802385419607162	1.0	15	0.0	0	0.0	0	0.0	0.9993122816085815	0.037080515176057816	0.7570390105247498	0.024229994043707848	-0.6529203653335571	-0.6533697843551636	0.028071396052837372	-0.7565183639526367
